3.674592e+02 1.769031e+02 1 3.314898e+02 1.455255e+02 1
3.445000e+02 1.968010e+02 1 3.100612e+02 1.654235e+02 1
3.223061e+02 2.144031e+02 1 2.916939e+02 1.776684e+02 1
3.016429e+02 2.365969e+02 1 2.733265e+02 1.960357e+02 1
2.832755e+02 2.564949e+02 1 2.564898e+02 2.113418e+02 1
2.664388e+02 2.679745e+02 1 2.411837e+02 2.289439e+02 1
2.518980e+02 2.832806e+02 1 2.212857e+02 2.503724e+02 1
4.654184e+02 3.223112e+02 1 8.113367e+02 6.669898e+01 1
4.983265e+02 3.521582e+02 1 8.404184e+02 9.425000e+01 1
5.013878e+02 3.873622e+02 1 4.891429e+02 4.432296e+02 1
4.669490e+02 3.621071e+02 1 4.539388e+02 4.562398e+02 1
4.225612e+02 3.291990e+02 1 4.195000e+02 4.715459e+02 1
3.827653e+02 2.962908e+02 1 3.812347e+02 4.937398e+02 1