4.377686e+02 1.526023e+02 1 3.928859e+02 1.037301e+02 0
4.138312e+02 1.765398e+02 1 3.659563e+02 1.246754e+02 0
3.928859e+02 2.024720e+02 1 3.410215e+02 1.506076e+02 0
3.659563e+02 2.254120e+02 1 3.170841e+02 1.715528e+02 0
3.410215e+02 2.453598e+02 1 2.931467e+02 1.974850e+02 0
3.180815e+02 2.673025e+02 1 2.692093e+02 2.204250e+02 0
2.921493e+02 2.872503e+02 1 2.482640e+02 2.413703e+02 0
2.692093e+02 3.111877e+02 1 2.253240e+02 2.633129e+02 0
4.696851e+02 3.411095e+02 1 4.696851e+02 7.021656e+02 0
5.075860e+02 3.740235e+02 1 5.115756e+02 6.812203e+02 0
5.424948e+02 4.069374e+02 1 5.474817e+02 6.552881e+02 0
5.784009e+02 4.348644e+02 1 5.823905e+02 6.283585e+02 0
6.143070e+02 4.627914e+02 1 6.212888e+02 6.024263e+02 0
6.442288e+02 4.857314e+02 1 6.482184e+02 5.814811e+02 0
7.300046e+02 5.026871e+02 1 8.367256e+02 4.209009e+02 0
6.980880e+02 4.777523e+02 1 8.087986e+02 3.979609e+02 0
6.771428e+02 4.558096e+02 1 7.878533e+02 3.750209e+02 0
6.512106e+02 4.278827e+02 1 7.619211e+02 3.480913e+02 0
6.242810e+02 4.049426e+02 1 7.409759e+02 3.201643e+02 0