5 28 1 6 36 1
15 36 1 21 30 1
76 19 1 83 23 1
20 27 1 16 27 1
66 12 1 72 11 1
54 11 1 59 11 1
66 31 1 59 38 1
87 43 1 89 38 1
64 92 1 62 95 1
60 41 1 65 37 1
26 17 1 24 10 1
82 53 1 80 61 1
44 50 1 48 59 1
65 51 1 63 50 1
78 73 1 72 69 1
36 87 1 37 94 1
25 29 1 29 33 1
11 50 1 7 54 1
94 68 1 94 73 1
22 49 1 29 49 1
100 38 1 96 43 1
98 65 1 95 64 1
84 35 1 88 32 1
62 17 1 65 25 1
24 82 1 15 79 1
42 2 1 39 5 1
54 40 1 60 35 1
85 62 1 79 63 1
63 62 1 61 60 1
89 45 1 90 36 1
34 66 1 38 75 1
74 34 1 77 27 1
5 87 1 6 82 1
46 34 1 40 39 1
82 97 1 83 89 1
51 77 1 57 78 1
52 5 1 52 4 1
64 45 1 67 49 1
97 57 1 88 58 1
10 67 1 11 64 1
65 52 1 72 49 1
23 42 1 28 34 1
52 52 1 56 47 1
54 3 1 54 2 1
51 91 1 55 82 1
56 18 1 54 24 1
75 92 1 68 94 1
73 56 1 70 55 1
51 31 1 57 32 1
61 73 1 59 67 1