67 51 1 97 70 1
95 94 1 58 56 1
35 72 1 93 7 1
51 21 1 67 25 1
95 70 1 91 82 1
80 11 1 84 14 1
5 33 1 25 44 1
71 45 1 81 49 1
24 6 1 9 32 1
29 36 1 31 15 1
35 53 1 53 36 1
66 72 1 15 83 1
79 94 1 25 85 1
95 56 1 80 23 1
50 51 1 76 25 1
17 63 1 44 29 1
81 99 1 1 80 1
53 43 1 13 79 1
95 61 1 83 35 1
41 55 1 82 17 1
84 97 1 91 92 1
34 11 1 62 8 1
88 92 1 30 84 1
88 49 1 97 69 1
13 72 1 24 44 1
60 31 1 26 66 1
10 40 1 8 64 1
17 37 1 29 46 1
48 56 1 90 10 1
74 81 1 40 79 1
36 96 1 5 86 1
16 16 1 12 25 1
84 15 1 35 58 1
66 30 1 31 10 1
85 81 1 83 71 1
80 47 1 67 38 1
3 32 1 13 3 1
84 62 1 56 54 1
44 42 1 32 49 1
31 48 1 48 33 1
10 82 1 14 39 1
5 45 1 5 47 1
91 70 1 89 71 1
12 80 1 59 67 1
74 33 1 91 56 1
78 81 1 64 84 1
2 76 1 2 24 1
25 8 1 39 2 1
66 18 1 90 3 1
32 11 1 23 35 1
15 54 1 16 56 1
26 100 1 21 95 1
99 38 1 99 85 1
43 18 1 50 24 1
93 24 1 96 2 1
87 16 1 93 30 1
3 82 1 14 88 1
53 21 1 77 19 1
82 44 1 81 51 1
97 56 1 94 35 1
32 44 1 38 29 1
76 80 1 63 73 1
65 31 1 77 20 1
6 55 1 8 69 1
58 83 1 68 81 1
64 54 1 69 40 1
60 35 1 56 37 1
61 10 1 55 12 1
62 56 1 81 62 1
68 1 1 58 5 1
61 93 1 76 94 1
72 87 1 40 81 1
78 8 1 73 6 1
34 37 1 30 42 1
31 72 1 65 33 1
80 97 1 66 94 1
14 100 1 10 100 1
53 35 1 54 26 1
1 88 1 38 99 1
70 67 1 89 66 1
32 76 1 42 76 1
19 66 1 47 40 1
86 32 1 81 21 1
51 37 1 37 15 1
86 21 1 88 25 1
18 99 1 7 91 1
96 58 1 92 35 1
81 100 1 66 98 1
54 94 1 41 95 1
77 50 1 92 61 1
96 34 1 84 27 1
49 81 1 49 80 1
50 49 1 29 68 1
14 32 1 22 29 1
86 83 1 90 87 1
77 9 1 63 11 1
63 79 1 61 79 1
100 21 1 97 52 1
59 2 1 31 8 1
83 41 1 82 33 1
98 93 1 98 53 1