44 73 1 28 4 1
95 72 1 77 90 1
40 54 1 47 26 1
99 38 1 99 85 1
68 23 1 98 63 1
9 64 1 24 79 1
61 32 1 91 62 1
87 67 1 79 75 1
29 52 1 18 52 1
35 56 1 17 39 1
33 58 1 56 92 1
46 7 1 53 80 1
64 48 1 59 85 1
51 95 1 35 72 1
84 43 1 71 3 1
7 92 1 5 64 1
94 94 1 55 88 1
14 32 1 28 48 1
3 57 1 8 2 1
54 11 1 73 20 1
52 16 1 53 77 1
93 24 1 96 2 1
87 16 1 93 30 1
45 95 1 85 96 1
84 66 1 63 82 1
82 44 1 81 51 1
97 56 1 94 35 1
62 74 1 75 52 1
53 75 1 61 56 1
38 67 1 29 60 1
7 53 1 15 38 1
48 75 1 43 49 1
6 55 1 8 69 1
24 80 1 2 99 1
45 22 1 44 6 1
34 94 1 29 74 1
16 53 1 44 88 1
62 81 1 77 58 1