4 4 1 61 100 1
82 2 1 96 52 1
84 74 1 42 14 1
88 88 1 60 94 1
20 64 1 53 93 1
68 48 1 68 29 1
5 85 1 15 45 1
60 58 1 81 79 1
98 90 1 15 7 1
15 30 1 58 96 1
49 59 1 17 21 1
47 2 1 31 15 1
49 38 1 36 26 1
59 17 1 71 12 1
15 68 1 45 87 1
73 28 1 88 26 1
99 78 1 100 67 1
53 57 1 35 34 1
11 47 1 12 40 1
3 51 1 1 84 1
3 27 1 29 60 1
71 30 1 78 4 1
74 84 1 11 4 1
82 28 1 88 77 1
38 41 1 7 5 1
17 25 1 21 27 1
76 85 1 71 78 1
89 21 1 99 8 1
56 11 1 69 5 1
56 33 1 50 16 1
42 61 1 22 34 1
11 25 1 16 28 1
48 74 1 67 76 1
60 95 1 71 92 1
14 99 1 22 75 1
59 54 1 58 58 1
64 100 1 64 100 1
13 48 1 7 59 1
20 90 1 58 99 1
45 79 1 40 74 1
54 59 1 10 10 1
7 51 1 3 36 1
88 50 1 89 62 1
56 60 1 57 55 1
60 90 1 84 85 1
15 27 1 9 19 1
76 51 1 76 62 1
63 51 1 42 28 1
34 21 1 39 16 1
31 38 1 54 74 1
4 89 1 7 87 1
92 98 1 62 95 1
36 95 1 24 92 1
82 71 1 54 31 1
10 93 1 8 93 1
88 27 1 90 64 1
60 67 1 52 67 1
63 49 1 49 32 1
79 34 1 84 71 1
68 65 1 68 61 1
13 30 1 9 29 1
87 78 1 78 59 1
61 1 1 86 1 1
75 4 1 57 6 1
67 19 1 63 16 1
59 97 1 15 69 1
66 73 1 96 90 1
8 76 1 14 86 1
99 22 1 92 25 1
22 60 1 28 66 1
26 48 1 28 57 1
88 7 1 87 12 1
87 68 1 91 64 1
22 35 1 55 90 1
7 35 1 2 27 1
17 87 1 12 78 1
44 44 1 41 40 1
35 69 1 30 66 1
71 7 1 77 6 1
19 95 1 16 94 1
79 33 1 78 53 1
2 68 1 8 52 1
53 53 1 46 39 1
27 13 1 17 7 1
100 93 1 85 78 1
52 97 1 35 86 1
52 16 1 65 38 1