8 40 1 1 23 1
1 19 1 15 27 1
18 14 1 60 91 1
94 23 1 49 38 1
25 16 1 96 94 1
1 54 1 28 95 1
63 61 1 18 10 1
41 99 1 9 33 1
11 27 1 53 98 1
59 29 1 83 20 1
73 50 1 81 36 1
52 100 1 86 97 1
81 15 1 48 26 1
37 67 1 17 28 1
10 60 1 25 85 1
69 91 1 62 90 1
39 61 1 17 19 1
54 100 1 76 99 1
41 1 1 55 21 1
75 13 1 83 3 1
100 21 1 83 68 1
36 44 1 58 71 1
75 76 1 39 43 1
99 56 1 94 73 1
23 12 1 32 23 1
89 45 1 76 61 1
51 20 1 43 17 1
59 64 1 66 87 1
41 94 1 26 54 1
5 91 1 14 84 1
86 56 1 91 42 1
61 55 1 17 1 1
44 75 1 47 87 1
82 15 1 88 10 1
10 86 1 3 90 1
7 41 1 13 45 1
66 54 1 72 51 1
98 22 1 77 59 1