62 51 1 49 12 1
92 44 1 43 3 1
52 97 1 28 75 1
12 77 1 77 55 1
73 41 1 60 43 1
16 28 1 30 1 1
60 55 1 13 56 1
46 71 1 93 83 1
31 33 1 47 49 1
75 91 1 59 91 1
6 56 1 1 16 1
41 24 1 54 32 1
12 24 1 14 33 1
77 61 1 99 57 1
7 93 1 6 7 1
11 44 1 91 57 1
90 61 1 87 68 1
44 56 1 39 65 1
25 64 1 12 61 1
12 37 1 41 9 1
48 11 1 89 45 1
16 40 1 29 25 1
23 99 1 18 95 1
19 10 1 4 2 1
59 32 1 68 40 1
22 25 1 39 4 1
68 74 1 82 69 1
84 91 1 45 99 1
7 45 1 55 55 1
69 80 1 53 76 1
4 58 1 1 20 1
69 86 1 88 90 1
71 14 1 53 5 1
81 68 1 54 69 1
36 96 1 25 75 1
40 85 1 38 71 1
41 38 1 45 39 1
6 8 1 2 20 1
46 19 1 33 27 1
74 10 1 83 23 1
68 82 1 95 88 1
7 37 1 26 44 1
73 77 1 90 77 1
82 49 1 76 41 1
84 23 1 81 25 1
91 52 1 100 38 1
23 26 1 25 24 1
24 42 1 33 44 1
83 5 1 80 6 1
4 69 1 3 50 1
93 91 1 84 92 1
42 2 1 76 7 1
49 80 1 70 85 1
94 17 1 79 11 1
98 27 1 87 38 1
39 31 1 30 26 1
36 19 1 36 19 1
19 24 1 21 26 1
66 29 1 65 27 1
67 62 1 35 70 1
22 94 1 28 96 1
68 22 1 48 5 1
80 42 1 74 36 1
84 4 1 92 10 1
13 14 1 23 11 1
72 77 1 93 76 1