34 89 1 53 27 1
17 5 1 18 93 1
11 84 1 16 86 1
60 20 1 80 79 1
26 20 1 88 3 1
4 44 1 7 98 1
89 25 1 96 46 1
71 56 1 53 32 1
77 31 1 84 68 1
92 94 1 49 70 1
94 81 1 74 80 1
38 14 1 66 3 1
24 98 1 95 99 1
47 63 1 51 80 1
49 79 1 45 84 1
68 9 1 99 57 1
18 24 1 29 5 1
33 77 1 39 22 1
3 43 1 1 5 1
100 68 1 94 64 1
34 55 1 29 92 1
81 47 1 86 63 1
17 72 1 8 40 1
57 95 1 96 99 1
2 23 1 7 71 1
95 79 1 83 74 1
7 87 1 8 89 1
40 96 1 84 90 1
4 29 1 12 8 1
32 28 1 24 71 1
63 85 1 38 90 1
31 30 1 23 51 1
62 24 1 80 71 1
90 17 1 99 14 1
7 66 1 10 61 1
24 32 1 29 26 1
61 76 1 89 90 1
100 48 1 99 58 1
49 44 1 52 53 1
75 21 1 67 22 1
68 45 1 50 16 1
70 21 1 68 13 1
72 72 1 75 69 1
2 79 1 2 91 1
3 100 1 75 99 1
100 77 1 97 93 1
60 53 1 49 66 1
2 30 1 5 80 1
85 66 1 78 36 1
26 74 1 32 43 1
31 4 1 21 7 1
28 62 1 30 52 1
17 10 1 14 8 1
42 85 1 56 82 1
90 60 1 84 49 1
36 45 1 33 58 1
63 45 1 66 45 1
75 31 1 77 26 1
52 91 1 12 95 1
90 20 1 99 25 1
38 23 1 37 18 1
89 3 1 87 25 1
44 40 1 45 31 1
9 38 1 9 32 1
76 8 1 87 37 1
91 63 1 79 75 1
36 19 1 33 26 1
58 21 1 56 22 1
46 23 1 38 45 1
4 11 1 5 17 1
11 64 1 13 59 1
19 50 1 34 21 1
28 82 1 21 66 1