58 57 1 32 15 1
67 66 1 65 19 1
83 62 1 94 67 1
25 5 1 4 72 1
25 15 1 5 81 1
85 23 1 75 29 1
70 59 1 89 96 1
70 100 1 22 42 1
29 41 1 24 36 1
51 33 1 46 30 1
69 93 1 30 48 1
64 12 1 72 10 1
4 83 1 3 37 1
18 51 1 50 87 1
74 33 1 67 50 1
92 56 1 86 46 1
67 84 1 64 81 1
96 35 1 89 28 1
43 57 1 74 97 1
17 91 1 32 68 1
73 29 1 97 15 1
11 3 1 9 46 1
41 100 1 47 99 1
34 73 1 42 93 1
74 39 1 91 20 1
23 72 1 10 72 1
9 5 1 9 22 1
36 65 1 43 76 1
26 73 1 23 60 1
59 41 1 62 5 1
46 52 1 24 44 1
12 44 1 15 10 1
68 87 1 76 99 1
47 52 1 55 70 1
59 24 1 25 2 1
80 70 1 78 37 1
84 5 1 97 14 1
20 94 1 55 96 1
79 93 1 57 46 1
54 90 1 24 48 1
67 3 1 39 8 1
81 62 1 89 52 1
78 74 1 97 77 1
64 67 1 36 32 1
44 28 1 51 27 1
84 58 1 79 48 1
7 79 1 17 84 1
61 18 1 64 36 1
16 14 1 18 7 1
10 91 1 5 92 1
12 98 1 13 91 1
76 41 1 73 42 1
28 15 1 31 12 1
4 6 1 7 8 1
42 21 1 21 1 1
18 30 1 5 80 1
98 90 1 96 85 1
70 28 1 87 9 1
97 73 1 92 73 1
86 45 1 84 30 1
100 78 1 98 15 1
9 2 1 9 42 1
95 51 1 96 47 1
2 25 1 6 36 1
54 22 1 59 47 1
77 1 1 100 8 1
60 57 1 48 35 1
79 82 1 74 78 1
92 83 1 96 83 1
27 13 1 24 26 1
10 69 1 29 24 1
92 96 1 94 89 1
29 94 1 26 79 1
59 59 1 63 61 1
52 26 1 58 47 1
80 44 1 82 49 1
31 28 1 66 77 1
11 29 1 10 29 1
30 25 1 39 27 1
65 68 1 74 90 1