82 91 1 13 92 1
64 10 1 28 55 1
96 97 1 16 98 1
96 49 1 81 15 1
43 92 1 80 96 1
66 4 1 85 94 1
28 5 1 10 83 1
44 39 1 77 80 1
71 76 1 28 68 1
17 80 1 32 53 1
11 97 1 1 78 1
19 27 1 15 14 1
58 6 1 24 36 1
79 9 1 93 78 1
50 78 1 72 91 1
6 69 1 5 8 1
67 54 1 70 67 1
18 73 1 48 16 1
19 29 1 10 58 1
48 64 1 55 65 1
22 11 1 11 7 1
50 91 1 58 85 1
13 21 1 15 19 1
70 50 1 54 45 1
74 7 1 87 94 1
90 12 1 99 54 1
90 80 1 74 6 1
69 14 1 73 12 1
33 55 1 40 42 1
40 82 1 32 82 1
18 96 1 27 93 1
72 100 1 36 98 1
68 48 1 63 24 1
11 19 1 10 49 1
55 34 1 62 37 1
29 74 1 14 84 1
45 97 1 5 98 1
41 13 1 27 26 1
34 16 1 35 13 1
89 10 1 94 40 1
67 21 1 66 8 1
84 2 1 87 8 1
15 56 1 1 77 1
26 30 1 43 12 1
68 44 1 70 26 1
8 19 1 10 47 1
69 91 1 62 90 1
96 58 1 85 28 1
99 56 1 94 73 1
37 74 1 53 81 1
41 71 1 15 88 1
87 72 1 88 94 1
82 15 1 88 10 1
26 89 1 45 82 1
66 54 1 72 51 1
91 88 1 100 87 1
99 52 1 100 46 1
99 19 1 87 4 1
62 79 1 57 82 1
23 37 1 33 9 1
65 66 1 68 75 1
51 38 1 49 35 1
23 19 1 17 15 1
33 86 1 26 88 1
35 55 1 47 65 1
72 3 1 58 5 1
24 3 1 71 1 1
25 67 1 33 66 1
38 27 1 16 64 1
79 73 1 77 76 1
72 79 1 63 83 1
16 84 1 20 83 1
53 66 1 39 65 1
39 89 1 26 91 1
37 79 1 14 91 1
8 77 1 9 73 1
37 24 1 35 25 1
19 11 1 21 14 1
82 76 1 79 51 1
97 39 1 100 33 1
67 30 1 60 16 1
89 44 1 84 33 1
1 30 1 5 45 1
29 64 1 30 63 1
98 79 1 94 74 1
29 67 1 61 66 1
34 21 1 50 4 1