83 27 1 68 80 1
69 66 1 24 48 1
94 25 1 21 28 1
9 31 1 24 91 1
94 4 1 60 5 1
9 38 1 19 82 1
73 68 1 92 83 1
96 85 1 94 98 1
10 56 1 5 76 1
95 66 1 99 20 1
70 65 1 63 96 1
17 43 1 5 23 1
91 48 1 92 33 1
11 17 1 30 43 1
35 67 1 30 69 1
43 93 1 38 70 1
61 26 1 66 7 1
42 69 1 66 68 1
90 59 1 94 62 1
91 71 1 86 38 1
52 77 1 34 63 1
33 32 1 65 44 1
84 35 1 78 71 1
43 22 1 50 4 1
34 98 1 96 99 1
24 76 1 23 45 1
58 63 1 37 64 1
98 10 1 90 6 1
5 6 1 8 2 1
5 43 1 8 32 1
59 30 1 72 37 1
49 50 1 32 33 1
47 31 1 44 31 1
72 19 1 84 17 1
100 78 1 99 49 1
66 76 1 71 61 1
33 10 1 45 3 1
20 6 1 55 1 1
23 82 1 38 67 1
43 71 1 49 83 1
71 88 1 72 67 1
68 59 1 54 48 1
2 84 1 12 85 1
60 58 1 62 57 1
34 89 1 34 80 1
45 86 1 50 95 1
19 97 1 76 96 1
83 18 1 95 20 1
16 84 1 15 68 1
54 94 1 62 69 1
45 65 1 65 68 1
90 84 1 78 79 1
94 10 1 74 6 1
85 39 1 84 75 1
83 35 1 88 27 1
1 92 1 2 3 1
40 23 1 14 18 1
51 26 1 51 8 1
8 93 1 21 96 1
63 95 1 52 96 1
41 32 1 66 40 1
83 15 1 74 15 1
95 25 1 63 21 1
75 84 1 73 89 1
31 33 1 47 49 1
13 14 1 32 9 1
12 24 1 14 33 1
88 26 1 36 31 1
59 32 1 68 40 1
30 7 1 15 7 1
30 32 1 55 56 1
65 60 1 17 42 1
22 89 1 5 82 1
40 85 1 38 71 1
41 38 1 45 39 1
6 8 1 2 20 1
19 33 1 6 15 1
98 43 1 92 90 1
29 17 1 46 25 1
23 26 1 25 24 1
24 42 1 33 44 1
83 5 1 80 6 1
4 69 1 3 50 1
93 91 1 84 92 1
94 17 1 79 11 1
36 19 1 36 19 1
84 29 1 79 54 1
2 48 1 5 45 1
19 24 1 21 26 1
79 90 1 78 84 1
53 76 1 59 74 1
22 94 1 28 96 1
89 99 1 33 99 1
44 27 1 19 22 1