66 42 1 42 72 1
22 32 1 17 20 1
86 18 1 22 76 1
86 33 1 45 80 1
10 24 1 6 80 1
22 68 1 11 70 1
82 97 1 83 89 1
32 58 1 31 34 1
51 77 1 57 78 1
51 2 1 20 38 1
73 64 1 99 39 1
13 88 1 80 86 1
19 3 1 27 27 1
15 74 1 50 47 1
87 70 1 52 76 1
11 31 1 13 50 1
69 84 1 98 88 1
52 5 1 52 4 1
39 59 1 94 2 1
64 45 1 67 49 1
2 44 1 6 86 1
77 2 1 35 22 1
1 92 1 44 74 1
97 57 1 88 58 1
10 67 1 11 64 1
67 17 1 46 36 1
34 36 1 48 37 1
97 34 1 89 38 1
65 52 1 72 49 1
23 42 1 28 34 1
52 52 1 56 47 1
90 25 1 62 43 1
80 10 1 35 55 1
21 61 1 11 24 1
54 3 1 54 2 1
71 95 1 44 92 1
17 39 1 16 6 1
84 66 1 63 68 1
87 84 1 47 78 1
59 83 1 15 87 1
30 88 1 16 96 1
56 18 1 54 24 1
75 92 1 68 94 1
73 56 1 70 55 1
61 73 1 59 67 1
82 89 1 69 91 1
28 79 1 42 62 1
29 24 1 27 2 1
87 4 1 71 10 1
20 51 1 23 50 1
30 27 1 48 19 1
70 87 1 56 93 1
98 77 1 89 68 1
83 22 1 81 26 1
36 53 1 32 50 1
63 92 1 78 88 1
39 95 1 96 100 1
9 29 1 6 16 1
82 59 1 75 66 1
17 79 1 14 79 1
52 18 1 66 16 1
43 60 1 32 73 1
100 13 1 96 14 1
7 43 1 2 39 1
45 90 1 51 92 1
51 98 1 14 97 1
23 93 1 37 89 1
11 3 1 3 17 1
13 30 1 14 6 1
98 10 1 83 28 1
90 2 1 50 46 1
33 34 1 57 23 1
96 33 1 87 32 1
49 56 1 54 51 1
53 86 1 33 87 1
62 74 1 96 63 1
68 29 1 91 6 1
70 74 1 65 78 1
54 92 1 62 89 1
21 68 1 19 65 1
17 53 1 21 67 1
73 74 1 89 85 1
63 25 1 44 42 1
90 14 1 78 31 1
72 13 1 86 6 1
82 86 1 50 88 1
16 82 1 10 88 1
96 50 1 85 55 1
79 1 1 99 1 1
82 11 1 92 3 1
35 93 1 40 88 1
99 10 1 95 5 1
98 37 1 98 15 1
53 23 1 53 23 1
31 37 1 31 40 1
11 41 1 7 73 1
34 47 1 32 37 1
49 6 1 67 6 1
96 45 1 97 51 1
63 48 1 50 69 1
37 16 1 35 5 1