81 38 1 5 11 1
55 85 1 54 91 1
8 35 1 23 85 1
14 89 1 20 85 1
75 23 1 1 1 1
53 80 1 58 52 1
39 59 1 50 56 1
70 78 1 88 24 1
81 76 1 99 12 1
33 29 1 42 86 1
95 79 1 63 96 1
45 98 1 78 96 1
38 71 1 19 95 1
30 36 1 16 45 1
71 68 1 78 40 1
36 34 1 41 56 1
10 59 1 9 78 1
58 90 1 38 97 1
36 99 1 47 95 1
66 42 1 66 40 1
40 6 1 63 17 1
91 41 1 89 58 1
86 55 1 91 2 1
6 29 1 14 46 1
18 78 1 9 55 1
7 54 1 1 67 1
22 66 1 33 51 1
54 46 1 52 58 1
39 86 1 36 86 1
50 44 1 24 20 1
79 1 1 77 34 1
65 86 1 86 56 1
71 16 1 68 7 1
33 21 1 57 49 1
22 87 1 12 97 1
70 53 1 63 63 1
60 42 1 56 55 1
65 67 1 60 75 1