47 15 1 32 85 1
66 39 1 92 53 1
46 9 1 14 58 1
32 72 1 22 74 1
64 75 1 91 100 1
98 48 1 48 7 1
31 93 1 69 29 1
44 37 1 51 16 1
67 97 1 60 88 1
52 52 1 51 43 1
66 73 1 67 50 1
10 81 1 40 38 1
48 3 1 14 12 1
52 94 1 36 95 1
31 23 1 11 61 1
99 9 1 91 24 1
78 11 1 70 7 1
31 94 1 19 72 1
71 84 1 37 83 1
96 85 1 89 93 1
16 96 1 21 88 1
4 28 1 26 22 1
3 66 1 10 39 1
16 67 1 6 87 1
68 54 1 82 52 1
75 25 1 75 29 1
6 89 1 9 84 1
2 58 1 7 30 1
14 60 1 38 40 1
90 72 1 87 84 1
53 71 1 50 80 1
58 92 1 64 98 1
1 15 1 29 14 1
82 66 1 99 68 1
48 5 1 82 20 1
80 25 1 78 28 1
14 47 1 12 29 1
35 53 1 34 70 1
80 28 1 85 31 1
36 100 1 33 90 1
77 65 1 83 86 1
93 33 1 76 21 1
69 55 1 75 65 1
21 66 1 11 89 1
70 19 1 82 33 1