85 62 1 62 1 1
57 86 1 46 34 1
9 90 1 45 90 1
70 25 1 88 78 1
26 74 1 41 54 1
54 24 1 87 92 1
94 89 1 77 61 1
5 35 1 24 8 1
26 17 1 24 10 1
56 64 1 58 54 1
6 65 1 45 2 1
96 12 1 97 87 1
34 26 1 47 58 1
86 3 1 74 24 1
45 82 1 42 61 1
77 95 1 67 74 1
71 23 1 92 47 1
39 14 1 83 86 1
77 89 1 70 66 1
44 50 1 48 59 1
48 90 1 18 81 1
65 51 1 63 50 1
64 89 1 55 98 1
42 58 1 48 71 1
17 46 1 26 27 1
24 73 1 14 59 1
96 99 1 95 31 1
50 57 1 45 42 1
99 52 1 100 23 1
94 3 1 79 16 1
46 22 1 66 17 1
25 66 1 26 47 1
38 83 1 49 87 1
74 68 1 47 26 1
26 45 1 19 65 1
11 50 1 7 54 1
55 84 1 46 66 1
94 68 1 94 73 1
20 76 1 54 91 1
62 52 1 68 93 1
17 27 1 32 20 1
12 95 1 45 100 1
96 26 1 96 51 1
28 29 1 42 4 1
84 35 1 88 32 1
18 2 1 29 1 1
63 6 1 74 34 1
98 65 1 97 78 1
24 82 1 15 79 1
50 81 1 43 61 1
42 2 1 39 5 1
63 62 1 61 60 1
57 19 1 47 19 1
60 92 1 51 80 1
81 66 1 60 30 1
33 37 1 33 47 1
16 75 1 4 98 1
34 66 1 38 75 1
5 87 1 6 82 1