31 88 1 53 48 1
46 34 1 40 39 1
84 79 1 93 22 1
61 69 1 80 87 1
45 72 1 78 47 1
68 27 1 2 63 1
80 6 1 31 6 1
40 53 1 13 67 1
42 36 1 21 20 1
98 89 1 75 76 1
34 85 1 85 45 1
94 17 1 1 84 1
35 13 1 56 22 1
66 42 1 42 72 1
22 32 1 17 20 1
22 68 1 11 70 1
82 97 1 83 89 1
51 77 1 57 78 1
92 49 1 100 3 1
11 31 1 13 50 1
44 34 1 33 10 1
52 5 1 52 4 1
64 45 1 67 49 1
10 34 1 7 9 1
97 57 1 88 58 1
10 67 1 11 64 1
67 17 1 46 36 1
65 52 1 72 49 1
23 42 1 28 34 1
52 52 1 56 47 1
90 6 1 30 7 1
10 96 1 54 86 1
98 3 1 13 4 1
90 25 1 62 43 1
54 3 1 54 2 1
37 87 1 5 97 1
71 95 1 44 92 1
17 39 1 16 6 1
84 66 1 63 68 1
58 34 1 26 57 1
87 10 1 74 29 1
82 10 1 53 18 1
75 92 1 68 94 1
83 69 1 73 75 1
51 15 1 57 10 1
61 73 1 59 67 1
10 64 1 49 49 1
86 90 1 61 67 1
82 89 1 69 91 1
55 63 1 82 43 1
15 53 1 29 46 1
28 79 1 42 62 1
31 23 1 18 4 1
20 51 1 23 50 1
70 87 1 56 93 1
98 77 1 89 68 1
83 22 1 81 26 1
63 92 1 78 88 1
39 95 1 96 100 1
9 29 1 6 16 1
82 59 1 75 66 1
15 90 1 27 86 1
94 30 1 92 37 1
17 79 1 14 79 1
62 70 1 62 75 1
43 60 1 32 73 1