35 98 1 42 48 1
65 78 1 26 19 1
21 69 1 20 28 1
63 31 1 93 49 1
99 49 1 75 54 1
100 13 1 96 14 1
15 81 1 9 33 1
30 92 1 12 48 1
80 83 1 38 30 1
38 99 1 44 82 1
7 43 1 2 39 1
83 21 1 88 14 1
39 14 1 98 8 1
83 9 1 30 8 1
45 90 1 51 92 1
59 92 1 76 89 1
18 8 1 27 22 1
42 72 1 95 94 1
63 60 1 80 60 1
50 33 1 70 28 1
11 3 1 3 17 1
17 2 1 41 35 1
75 44 1 85 45 1
95 38 1 89 25 1
13 30 1 14 6 1
27 51 1 22 36 1
98 10 1 83 28 1
60 35 1 50 42 1
34 92 1 25 77 1
97 52 1 74 65 1
69 38 1 71 56 1
45 83 1 84 90 1
23 44 1 29 83 1
57 78 1 41 69 1
68 19 1 54 27 1
33 98 1 20 81 1
37 21 1 69 13 1
54 92 1 62 89 1
83 29 1 81 13 1
54 95 1 78 99 1
98 58 1 77 71 1
43 99 1 45 79 1
73 74 1 89 85 1
16 100 1 23 96 1
94 62 1 100 97 1
10 79 1 2 84 1
7 20 1 8 76 1
91 63 1 87 67 1
36 23 1 18 1 1
31 53 1 32 88 1
9 48 1 12 72 1
78 28 1 98 46 1
77 83 1 49 47 1
46 36 1 42 33 1
16 82 1 10 88 1
84 97 1 76 93 1
19 27 1 18 51 1
96 50 1 85 55 1
79 1 1 99 1 1
6 61 1 1 66 1
24 18 1 40 43 1
98 37 1 98 15 1
77 16 1 85 34 1
53 23 1 53 23 1
97 41 1 93 33 1
26 22 1 33 36 1
36 46 1 26 35 1
85 65 1 76 69 1
31 64 1 18 11 1
31 37 1 31 40 1
55 26 1 50 23 1
35 27 1 48 50 1
69 37 1 65 59 1