40 93 1 68 30 1
78 31 1 87 93 1
76 45 1 55 88 1
34 33 1 15 73 1
97 73 1 92 73 1
50 64 1 49 42 1
74 6 1 25 73 1
44 1 1 22 39 1
28 59 1 65 12 1
4 49 1 16 93 1
13 28 1 15 72 1
81 21 1 66 30 1
69 31 1 95 24 1
18 18 1 16 44 1
65 91 1 82 61 1
54 93 1 21 99 1
84 40 1 89 82 1
86 45 1 84 30 1
28 67 1 21 69 1
11 45 1 13 52 1
6 69 1 13 95 1
40 90 1 47 62 1
100 78 1 98 15 1
28 6 1 15 9 1
97 54 1 89 75 1
51 59 1 59 43 1
56 96 1 89 98 1
9 2 1 9 42 1
95 51 1 96 47 1
27 37 1 65 10 1
71 19 1 90 6 1
33 86 1 13 76 1
2 25 1 6 36 1
33 5 1 33 11 1
58 85 1 68 82 1
8 58 1 11 72 1
30 97 1 42 93 1
77 1 1 100 8 1
46 52 1 43 50 1
92 58 1 85 36 1
26 98 1 21 91 1
79 82 1 74 78 1
25 9 1 18 19 1
31 42 1 46 24 1
92 83 1 96 83 1
27 13 1 24 26 1
65 52 1 70 45 1
42 77 1 45 68 1
63 61 1 58 68 1
92 96 1 94 89 1
22 79 1 42 64 1
69 100 1 99 100 1
81 55 1 69 68 1
80 44 1 82 49 1
11 29 1 10 29 1
79 16 1 94 7 1
93 46 1 97 20 1
75 30 1 48 76 1
44 39 1 26 65 1
60 8 1 19 42 1
74 53 1 65 74 1
50 35 1 60 24 1
16 66 1 17 32 1
57 9 1 51 9 1
67 93 1 58 92 1
3 76 1 1 27 1
62 88 1 42 94 1
74 41 1 52 72 1
52 7 1 78 4 1
60 28 1 42 50 1
18 80 1 38 90 1
36 99 1 47 95 1
66 42 1 66 40 1
46 87 1 78 35 1
75 63 1 73 68 1
22 66 1 33 51 1
39 86 1 36 86 1
10 47 1 11 38 1
70 53 1 63 63 1
60 42 1 56 55 1
65 67 1 60 75 1
52 52 1 51 43 1
99 9 1 91 24 1
35 67 1 39 55 1
96 85 1 89 93 1
16 96 1 21 88 1
75 25 1 75 29 1