47 45 1 55 10 1
21 90 1 55 81 1
66 70 1 5 24 1
88 25 1 83 40 1
38 17 1 51 15 1
64 44 1 92 74 1
10 44 1 99 90 1
7 25 1 22 28 1
32 36 1 33 28 1
30 39 1 87 71 1
76 72 1 73 76 1
53 36 1 94 47 1
88 76 1 70 68 1
4 13 1 46 18 1
9 22 1 25 25 1
66 88 1 96 96 1
82 6 1 95 16 1
64 80 1 66 86 1
16 78 1 4 86 1
98 28 1 100 98 1
74 68 1 75 65 1
56 1 1 12 5 1
72 61 1 95 76 1
58 23 1 54 19 1
70 75 1 39 55 1
16 88 1 28 99 1
4 11 1 39 3 1
88 13 1 75 29 1
38 99 1 73 99 1
23 82 1 46 72 1
83 66 1 37 41 1
34 45 1 57 57 1
73 34 1 75 19 1
91 100 1 68 94 1
8 27 1 13 39 1
80 42 1 77 38 1
99 39 1 98 9 1
97 94 1 74 81 1
76 41 1 54 19 1
45 70 1 20 82 1
16 69 1 35 65 1
83 44 1 90 32 1
8 33 1 3 48 1
47 70 1 11 87 1
86 79 1 90 85 1
19 16 1 1 16 1
85 32 1 76 36 1
81 24 1 94 18 1
7 50 1 9 63 1
24 84 1 28 88 1
49 86 1 57 86 1
44 35 1 40 33 1
88 52 1 98 65 1
7 98 1 1 100 1
86 93 1 86 89 1
39 89 1 39 86 1
53 96 1 73 93 1
77 12 1 70 6 1
48 5 1 55 7 1
61 40 1 79 48 1
15 51 1 36 58 1
74 46 1 98 78 1
55 14 1 63 10 1
58 6 1 80 22 1
100 36 1 100 17 1
84 2 1 52 4 1
8 82 1 7 82 1
9 69 1 18 60 1
35 95 1 75 92 1
32 16 1 20 13 1
22 57 1 48 69 1
3 21 1 29 20 1
36 36 1 44 40 1
1 31 1 5 36 1
19 28 1 15 27 1
80 30 1 79 30 1
43 41 1 11 28 1
5 2 1 2 10 1
87 77 1 85 76 1
14 53 1 84 85 1
91 42 1 94 38 1
54 18 1 70 34 1
7 94 1 19 99 1
38 45 1 34 43 1
57 35 1 52 34 1
22 9 1 47 7 1
11 77 1 1 84 1
79 21 1 70 9 1
45 53 1 76 65 1
37 94 1 25 96 1
60 72 1 25 56 1
45 31 1 48 35 1
18 80 1 8 88 1
96 53 1 94 45 1
84 77 1 86 83 1
28 37 1 36 39 1
72 29 1 70 20 1
87 56 1 85 55 1
63 37 1 72 41 1
35 91 1 69 86 1
94 16 1 98 50 1