57 33 1 97 12 1
67 89 1 74 94 1
47 28 1 48 89 1
94 78 1 90 71 1
11 33 1 57 23 1
60 91 1 74 69 1
76 79 1 82 66 1
26 91 1 38 40 1
86 46 1 97 26 1
6 1 1 19 8 1
54 95 1 50 75 1
55 8 1 95 1 1
16 46 1 32 35 1
67 17 1 79 18 1
36 7 1 5 26 1
73 85 1 78 81 1
98 92 1 64 100 1
99 90 1 85 65 1
69 47 1 84 63 1
29 74 1 4 75 1
66 61 1 66 45 1
95 33 1 100 98 1
80 40 1 95 26 1
58 79 1 63 35 1
37 17 1 86 4 1
70 12 1 95 12 1
40 35 1 29 62 1
6 93 1 6 77 1
48 13 1 82 4 1
53 55 1 52 63 1
49 79 1 48 42 1
55 56 1 57 91 1
37 93 1 42 76 1
70 72 1 68 65 1
17 99 1 25 94 1
4 68 1 28 65 1
21 60 1 1 69 1
13 45 1 1 64 1