66 17 1 93 16 1
59 69 1 91 68 1
56 3 1 76 40 1
72 100 1 17 74 1
18 27 1 27 4 1
39 2 1 35 51 1
49 21 1 88 63 1
32 52 1 6 63 1
23 76 1 44 77 1
89 17 1 74 20 1
46 35 1 40 30 1
90 75 1 96 83 1
61 48 1 48 83 1
79 47 1 90 39 1
23 45 1 15 44 1
72 52 1 58 32 1
75 43 1 95 71 1
97 53 1 89 49 1
35 35 1 6 25 1
8 47 1 4 66 1
28 65 1 14 73 1
52 53 1 57 31 1
49 81 1 51 83 1
35 55 1 44 75 1
62 72 1 73 78 1
61 99 1 20 86 1
42 40 1 45 66 1
44 84 1 52 59 1
55 65 1 75 59 1
91 93 1 63 91 1
53 79 1 75 91 1
70 32 1 73 38 1
47 66 1 42 33 1
85 34 1 80 26 1
12 31 1 5 58 1
1 96 1 50 98 1
77 73 1 93 88 1
81 12 1 97 2 1
89 27 1 94 30 1
59 77 1 54 69 1
45 72 1 43 69 1
5 19 1 16 8 1
98 22 1 100 77 1
60 81 1 84 81 1
11 97 1 7 100 1