94 55 1 86 61 1
44 6 1 32 1 1
76 96 1 97 83 1
9 36 1 27 16 1
68 5 1 4 8 1
22 69 1 87 19 1
97 3 1 1 70 1
98 100 1 13 99 1
80 61 1 49 70 1
91 5 1 48 14 1
51 73 1 30 66 1
71 92 1 61 76 1
36 73 1 19 96 1
37 8 1 27 30 1
69 53 1 79 52 1
90 72 1 97 53 1
62 75 1 54 75 1
5 62 1 10 26 1
67 51 1 55 60 1
82 60 1 99 29 1
99 5 1 11 64 1
32 20 1 29 34 1
72 7 1 51 8 1
55 98 1 36 84 1
19 33 1 20 53 1
56 87 1 70 99 1
25 93 1 30 89 1
64 58 1 57 65 1
67 83 1 77 94 1
7 94 1 16 68 1
54 97 1 39 85 1
100 43 1 98 88 1
35 20 1 54 22 1
10 48 1 9 47 1
59 33 1 14 69 1
25 59 1 23 56 1
70 64 1 78 91 1
44 29 1 80 14 1
5 19 1 6 18 1
33 20 1 34 30 1
66 65 1 65 56 1
72 64 1 88 64 1
13 8 1 18 19 1
7 99 1 4 78 1
44 56 1 65 44 1
85 27 1 94 25 1
71 10 1 68 17 1
65 49 1 86 39 1
22 45 1 20 29 1
100 37 1 86 80 1
26 50 1 27 48 1
90 92 1 86 98 1