35 99 1 42 69 1
13 51 1 76 28 1
88 22 1 93 91 1
80 16 1 8 15 1
70 75 1 39 55 1
16 88 1 28 99 1
4 11 1 39 3 1
38 99 1 73 99 1
62 23 1 24 37 1
49 92 1 58 72 1
65 60 1 75 79 1
78 20 1 31 28 1
13 87 1 10 73 1
10 42 1 23 92 1
93 97 1 81 83 1
34 45 1 57 57 1
56 55 1 75 61 1
86 1 1 79 70 1
2 6 1 9 41 1
23 88 1 23 48 1
87 91 1 66 89 1
91 100 1 68 94 1
38 79 1 24 78 1
8 27 1 13 39 1
80 42 1 77 38 1
99 39 1 98 9 1
36 71 1 46 61 1
61 48 1 70 43 1
63 9 1 42 12 1
100 64 1 99 95 1
87 31 1 84 27 1
87 85 1 85 80 1
86 79 1 90 85 1
59 12 1 36 15 1
8 57 1 2 23 1
84 3 1 78 34 1
7 50 1 9 63 1
24 84 1 28 88 1
44 35 1 40 33 1
13 63 1 6 24 1
7 98 1 1 100 1
1 63 1 7 93 1
84 83 1 77 70 1
85 74 1 81 57 1
46 51 1 55 52 1
39 89 1 39 86 1
53 96 1 73 93 1
77 12 1 70 6 1
48 5 1 55 7 1
36 18 1 14 48 1
79 22 1 71 22 1
55 17 1 7 15 1
96 61 1 91 7 1
73 77 1 52 65 1
100 36 1 100 17 1
84 2 1 52 4 1
51 58 1 30 52 1
37 83 1 27 97 1
8 82 1 7 82 1
34 44 1 51 42 1
19 28 1 15 27 1
80 30 1 79 30 1
87 77 1 85 76 1
41 59 1 32 74 1
39 40 1 27 45 1
74 32 1 73 41 1