54 18 1 70 34 1
82 33 1 36 41 1
5 59 1 21 53 1
15 20 1 29 12 1
7 73 1 100 28 1
45 13 1 29 58 1
97 69 1 52 74 1
36 59 1 31 87 1
56 99 1 24 86 1
42 36 1 58 37 1
83 1 1 66 21 1
90 56 1 41 71 1
41 83 1 38 87 1
7 94 1 19 99 1
75 78 1 76 74 1
40 100 1 4 78 1
15 34 1 8 8 1
86 32 1 19 65 1
57 35 1 52 34 1
22 9 1 47 7 1
18 40 1 40 19 1
36 30 1 10 56 1
18 14 1 21 2 1
11 53 1 1 22 1
63 53 1 42 68 1
98 20 1 73 27 1
85 82 1 100 68 1
11 46 1 27 21 1
56 88 1 48 72 1
81 92 1 87 93 1
45 31 1 48 35 1
31 55 1 42 53 1
92 91 1 33 88 1
59 67 1 69 69 1
100 46 1 93 46 1
48 9 1 60 15 1
61 55 1 72 54 1
70 59 1 87 35 1
79 4 1 32 9 1
61 42 1 68 36 1
86 21 1 86 4 1
72 29 1 70 20 1
87 56 1 85 55 1
23 19 1 20 28 1
86 86 1 60 83 1
89 67 1 92 58 1
36 34 1 41 17 1
89 27 1 92 27 1
64 44 1 83 35 1
44 9 1 61 31 1
88 59 1 84 69 1
85 30 1 91 30 1
1 27 1 4 79 1
98 16 1 99 11 1
69 15 1 65 19 1
77 16 1 74 24 1
85 2 1 100 10 1
77 75 1 84 74 1
74 36 1 37 56 1
6 37 1 2 12 1
38 29 1 41 21 1
39 72 1 39 72 1
4 75 1 23 88 1
79 36 1 24 64 1
10 39 1 4 23 1
13 68 1 9 70 1
29 30 1 22 43 1
24 85 1 29 68 1
70 15 1 55 9 1
44 62 1 76 46 1
50 44 1 49 43 1
82 56 1 70 62 1
36 11 1 40 13 1