87 1 1 18 30 1
31 69 1 9 62 1
80 47 1 82 23 1
73 37 1 53 60 1
28 95 1 43 23 1
66 61 1 78 44 1
72 53 1 50 92 1
75 49 1 75 78 1
65 18 1 37 66 1
76 62 1 81 99 1
81 63 1 100 19 1
53 29 1 72 9 1
33 73 1 65 36 1
50 74 1 53 81 1
61 2 1 25 9 1
81 54 1 98 21 1
45 67 1 97 2 1
12 51 1 31 45 1
12 93 1 9 63 1
47 94 1 75 79 1
21 13 1 25 14 1
29 31 1 7 48 1
15 50 1 1 48 1
42 79 1 50 88 1
26 22 1 54 8 1
57 88 1 68 62 1
51 53 1 44 61 1
54 5 1 58 8 1
79 54 1 91 29 1
62 41 1 55 48 1
99 45 1 95 48 1
93 77 1 79 78 1
22 80 1 24 93 1
1 17 1 3 33 1
42 87 1 44 98 1
4 27 1 3 23 1
28 39 1 42 22 1
20 25 1 2 45 1
56 43 1 67 29 1
91 88 1 98 55 1
7 76 1 5 64 1
53 74 1 63 60 1
64 37 1 61 39 1
84 57 1 93 40 1
37 11 1 12 26 1
41 50 1 50 33 1
94 84 1 94 99 1
31 85 1 62 50 1
64 10 1 18 29 1
71 99 1 78 95 1
29 49 1 5 63 1
74 3 1 47 14 1
93 46 1 84 65 1
11 70 1 21 79 1
31 52 1 38 42 1
65 30 1 43 61 1
57 78 1 77 32 1
33 69 1 26 82 1
13 2 1 17 21 1
81 9 1 96 2 1
37 40 1 17 47 1
43 53 1 53 35 1
74 68 1 70 62 1
42 69 1 46 60 1
21 25 1 44 14 1
99 8 1 99 12 1
64 79 1 65 83 1
48 29 1 43 43 1
29 97 1 53 62 1
9 81 1 2 91 1
57 47 1 94 3 1
78 26 1 92 9 1
12 1 1 7 26 1
91 2 1 75 9 1
16 40 1 27 27 1
94 54 1 96 39 1
53 100 1 75 88 1
11 72 1 24 95 1
3 2 1 6 25 1
35 8 1 46 7 1