74 50 1 34 18 1
65 59 1 100 70 1
75 91 1 29 70 1
21 84 1 25 72 1
17 26 1 5 94 1
35 86 1 56 85 1
87 73 1 91 91 1
24 59 1 76 63 1
98 22 1 99 39 1
96 53 1 78 25 1
49 92 1 43 94 1
97 48 1 89 19 1
79 12 1 81 17 1
22 66 1 19 81 1
47 88 1 52 88 1
14 71 1 25 19 1
27 96 1 96 97 1
34 6 1 79 11 1
55 32 1 100 12 1
11 78 1 32 96 1
20 20 1 15 6 1
87 66 1 80 65 1
27 25 1 33 31 1
85 80 1 35 61 1
35 43 1 29 51 1
37 62 1 51 69 1
31 61 1 89 96 1
85 60 1 85 39 1
80 97 1 86 97 1
47 56 1 29 55 1
60 57 1 27 24 1
11 50 1 4 18 1
17 45 1 5 98 1
63 44 1 34 28 1
54 100 1 59 100 1
13 25 1 26 16 1
85 7 1 47 4 1
28 87 1 32 76 1
8 31 1 14 15 1
66 45 1 57 51 1
28 11 1 24 4 1
66 89 1 75 92 1
58 6 1 66 6 1
46 62 1 65 66 1
71 1 1 96 7 1