72 46 1 24 13 1
35 70 1 15 80 1
76 51 1 91 35 1
77 62 1 68 57 1
26 96 1 96 24 1
77 21 1 76 10 1
98 58 1 97 42 1
99 97 1 2 96 1
26 58 1 33 39 1
51 2 1 45 2 1
11 62 1 18 72 1
9 53 1 8 82 1
94 66 1 52 92 1
34 58 1 36 71 1
49 17 1 91 28 1
32 58 1 11 84 1
51 45 1 53 66 1
36 51 1 38 61 1
77 40 1 67 27 1
21 43 1 30 45 1
50 72 1 73 78 1
20 22 1 20 43 1
42 32 1 43 78 1
31 57 1 37 24 1
17 16 1 3 57 1
68 90 1 36 96 1
75 32 1 74 35 1
96 2 1 81 13 1
55 57 1 48 31 1
80 26 1 89 28 1
53 70 1 71 67 1
80 23 1 83 24 1
87 59 1 90 38 1
94 29 1 81 41 1
38 18 1 45 16 1
97 68 1 90 57 1
24 96 1 40 78 1
50 27 1 70 42 1
100 41 1 100 88 1
23 65 1 31 56 1
19 53 1 18 8 1
86 4 1 45 10 1
30 21 1 30 43 1
19 70 1 15 59 1
57 86 1 55 88 1
33 82 1 39 79 1
56 55 1 54 40 1
99 37 1 98 14 1
39 2 1 21 15 1
91 88 1 85 81 1
85 93 1 75 86 1
15 41 1 9 72 1