65 76 1 20 27 1
52 84 1 86 93 1
97 27 1 96 96 1
76 79 1 58 2 1
42 97 1 7 42 1
26 62 1 7 7 1
12 28 1 1 26 1
61 48 1 70 68 1
63 29 1 74 72 1
94 6 1 82 2 1
84 53 1 84 70 1
48 17 1 33 10 1
32 71 1 45 100 1
67 48 1 45 43 1
15 96 1 32 85 1
100 58 1 99 24 1
80 91 1 18 12 1
25 6 1 28 9 1
4 93 1 14 75 1
43 91 1 78 93 1
84 40 1 78 5 1
21 34 1 56 69 1
83 80 1 65 16 1
36 88 1 25 90 1
17 96 1 35 98 1
98 20 1 93 54 1
19 6 1 43 29 1
30 45 1 29 70 1
8 89 1 15 84 1
29 23 1 54 38 1
60 30 1 43 24 1
92 17 1 93 57 1
67 13 1 96 79 1
42 38 1 32 27 1
61 10 1 78 63 1
81 1 1 86 42 1
56 69 1 29 42 1
66 57 1 74 76 1
8 65 1 14 73 1
33 36 1 58 64 1
56 5 1 54 24 1
89 62 1 77 12 1
65 57 1 52 53 1
35 57 1 33 52 1
84 30 1 80 6 1
68 25 1 70 24 1
32 54 1 30 49 1
31 60 1 45 60 1
6 44 1 10 63 1
61 91 1 92 94 1
10 8 1 30 36 1
84 88 1 80 80 1
52 71 1 75 89 1
36 7 1 31 11 1
40 28 1 29 17 1
66 76 1 35 41 1
81 80 1 95 94 1
62 28 1 48 24 1
71 83 1 46 66 1