37 100 1 20 65 1
6 31 1 37 46 1
29 35 1 61 41 1
35 70 1 93 69 1
67 10 1 22 17 1
40 72 1 59 94 1
97 50 1 40 51 1
73 43 1 38 16 1
71 8 1 53 7 1
58 77 1 90 89 1
76 34 1 84 40 1
1 64 1 85 67 1
97 34 1 100 3 1
84 89 1 48 76 1
1 28 1 1 14 1
13 98 1 21 78 1
71 24 1 65 36 1
46 25 1 58 36 1
4 55 1 100 43 1
64 63 1 73 60 1
98 85 1 87 100 1
89 73 1 100 67 1
67 17 1 70 22 1
88 13 1 97 13 1
56 74 1 94 86 1
87 25 1 88 38 1
88 21 1 93 42 1
19 57 1 50 63 1
98 1 1 97 16 1
55 94 1 43 98 1
34 40 1 62 42 1
7 21 1 35 30 1
37 54 1 89 56 1
3 87 1 16 76 1
15 1 1 15 7 1
48 55 1 20 56 1
65 34 1 51 26 1
12 34 1 8 45 1
42 58 1 52 59 1
63 2 1 90 9 1
88 94 1 82 91 1
99 40 1 88 15 1
75 59 1 92 57 1
39 72 1 44 81 1
3 27 1 47 33 1
48 90 1 32 74 1
96 10 1 66 7 1
40 79 1 23 68 1
81 88 1 82 100 1
64 98 1 51 78 1
13 45 1 56 48 1
92 83 1 100 72 1
15 73 1 2 84 1
24 87 1 30 88 1
27 22 1 32 29 1
92 55 1 29 53 1
65 11 1 64 30 1
17 7 1 23 9 1
7 13 1 3 12 1
68 71 1 42 73 1
33 8 1 53 1 1
28 8 1 74 9 1
58 50 1 52 50 1
75 23 1 75 42 1
3 49 1 6 47 1
30 5 1 25 6 1