95 83 1 8 50 1
100 11 1 37 33 1
20 36 1 12 43 1
25 63 1 3 49 1
37 18 1 5 9 1
36 54 1 86 24 1
12 17 1 15 35 1
61 44 1 82 77 1
18 41 1 57 38 1
2 2 1 75 3 1
64 97 1 88 95 1
71 86 1 99 94 1
53 4 1 41 11 1
7 69 1 69 74 1
20 93 1 22 87 1
39 39 1 44 36 1
23 54 1 50 40 1
99 80 1 90 77 1
95 60 1 96 62 1
24 28 1 1 50 1
55 94 1 24 73 1
58 25 1 92 7 1
19 13 1 38 30 1
65 63 1 45 52 1
78 3 1 48 4 1
75 58 1 64 38 1
97 33 1 86 59 1
57 52 1 71 68 1
59 4 1 37 24 1
39 37 1 18 40 1
19 6 1 38 12 1
3 15 1 6 5 1
99 63 1 99 64 1
92 41 1 93 17 1
92 91 1 62 82 1
97 41 1 88 79 1
62 99 1 34 99 1
18 39 1 97 4 1
63 96 1 42 96 1
62 69 1 26 56 1
82 42 1 74 32 1
14 96 1 4 96 1
90 93 1 92 100 1
79 53 1 80 53 1
19 71 1 35 97 1
70 85 1 62 94 1
8 4 1 33 12 1
70 9 1 85 2 1
97 55 1 98 55 1
3 61 1 2 92 1
89 82 1 68 80 1
99 25 1 99 42 1
14 73 1 29 90 1
72 46 1 77 62 1
68 51 1 68 49 1
4 81 1 20 80 1
34 34 1 70 33 1
97 31 1 100 19 1
37 28 1 91 2 1
29 74 1 36 72 1
78 40 1 79 66 1
18 65 1 1 53 1
31 20 1 36 28 1
89 49 1 79 62 1
28 30 1 5 49 1
47 69 1 22 66 1