11 56 1 44 1 1
30 36 1 62 71 1
58 83 1 17 89 1
4 69 1 35 10 1
12 73 1 30 46 1
99 99 1 87 26 1
24 49 1 1 89 1
87 67 1 86 23 1
91 90 1 48 29 1
11 93 1 65 93 1
15 35 1 7 57 1
2 32 1 24 20 1
37 86 1 45 54 1
85 23 1 100 2 1
81 38 1 79 61 1
69 27 1 63 50 1
62 87 1 79 90 1
98 61 1 89 32 1
60 20 1 68 9 1
4 58 1 3 57 1
77 25 1 60 29 1
44 40 1 85 93 1
28 32 1 11 57 1
55 34 1 61 36 1
77 66 1 73 58 1
30 65 1 8 92 1
12 52 1 30 16 1
77 50 1 79 70 1
8 30 1 8 52 1
96 35 1 100 50 1
65 39 1 44 3 1
1 12 1 2 70 1
20 66 1 13 80 1
21 2 1 10 7 1
54 40 1 52 42 1
29 34 1 52 38 1
63 57 1 68 58 1
12 2 1 7 5 1
87 75 1 90 83 1
26 59 1 39 58 1
84 97 1 75 93 1
63 22 1 71 16 1
69 82 1 39 86 1
71 93 1 68 98 1
14 44 1 14 46 1
66 77 1 66 80 1
1 6 1 18 18 1
92 61 1 95 100 1
98 82 1 97 77 1
7 85 1 17 77 1
63 96 1 70 89 1
50 43 1 80 86 1
29 84 1 41 58 1
15 62 1 22 44 1
45 83 1 53 65 1
40 16 1 51 35 1
87 14 1 65 22 1
78 4 1 60 8 1
14 43 1 4 68 1
34 19 1 33 22 1
80 26 1 85 56 1
100 15 1 96 20 1
5 90 1 29 65 1
99 17 1 93 25 1
37 4 1 8 28 1
13 92 1 25 89 1
49 85 1 36 89 1
42 14 1 59 44 1
36 47 1 36 45 1
83 22 1 92 9 1
18 17 1 15 9 1
87 73 1 78 18 1
40 3 1 9 8 1