69 59 1 52 94 1
70 2 1 70 47 1
80 45 1 29 78 1
11 77 1 38 72 1
90 37 1 64 59 1
33 8 1 53 1 1
65 35 1 26 9 1
54 79 1 3 89 1
3 55 1 20 54 1
12 17 1 58 53 1
72 54 1 32 80 1
36 16 1 28 12 1
75 23 1 75 42 1
95 8 1 89 77 1
24 31 1 10 54 1
96 6 1 79 29 1
3 49 1 6 47 1
59 52 1 69 48 1
62 77 1 82 74 1
51 26 1 16 20 1
52 26 1 67 16 1
77 98 1 21 99 1
65 100 1 26 100 1
3 24 1 6 39 1
30 5 1 25 6 1
20 87 1 7 98 1
94 19 1 91 47 1
22 43 1 26 39 1
80 95 1 18 95 1
91 97 1 73 93 1
3 59 1 28 61 1
77 54 1 94 93 1
14 27 1 3 12 1
21 83 1 61 73 1
1 68 1 2 11 1
76 62 1 65 71 1
65 54 1 39 62 1
47 18 1 50 20 1
4 44 1 2 33 1
68 20 1 68 42 1
64 19 1 66 25 1
78 8 1 76 44 1
62 46 1 73 49 1
97 13 1 96 17 1
84 17 1 81 18 1
38 8 1 61 15 1
51 33 1 28 29 1
42 49 1 34 60 1
37 66 1 32 65 1
90 9 1 98 4 1
13 63 1 29 68 1
4 46 1 18 30 1
27 57 1 17 55 1
37 64 1 24 54 1
96 81 1 99 82 1
38 59 1 46 53 1
91 65 1 95 16 1
53 19 1 12 3 1
95 85 1 94 55 1
36 63 1 56 60 1
64 45 1 69 5 1
32 77 1 38 73 1
31 6 1 34 7 1
59 66 1 55 74 1
90 88 1 90 87 1
80 49 1 67 66 1
52 97 1 47 97 1
21 30 1 6 44 1
48 70 1 47 71 1
68 7 1 51 8 1
26 33 1 25 38 1
49 35 1 42 32 1
33 21 1 18 8 1
48 64 1 10 75 1
38 44 1 30 45 1
73 79 1 92 95 1
6 76 1 3 62 1
60 93 1 65 85 1
99 41 1 93 55 1
26 49 1 17 49 1
77 23 1 71 8 1
95 44 1 94 38 1
4 85 1 19 79 1
44 72 1 24 82 1
49 24 1 59 20 1
32 1 1 38 3 1
26 27 1 18 21 1