91 56 1 81 89 1
84 65 1 37 76 1
20 91 1 39 98 1
40 63 1 91 45 1
15 28 1 44 51 1
97 48 1 85 96 1
52 75 1 32 86 1
91 3 1 45 6 1
88 53 1 78 55 1
44 61 1 93 36 1
39 81 1 5 64 1
87 21 1 91 30 1
31 37 1 38 46 1
61 24 1 35 3 1
57 43 1 56 52 1
46 55 1 43 60 1
53 24 1 66 35 1
35 29 1 22 3 1
64 70 1 87 100 1
71 32 1 24 4 1
7 10 1 55 55 1
22 15 1 25 25 1
15 55 1 15 40 1
3 12 1 12 53 1
38 62 1 28 69 1
29 83 1 11 72 1
36 35 1 36 26 1
81 65 1 71 55 1
98 38 1 79 20 1
92 55 1 95 52 1
16 96 1 20 89 1
81 37 1 70 29 1
57 42 1 43 43 1
50 40 1 78 39 1
65 17 1 94 7 1
47 100 1 53 85 1
54 62 1 25 71 1
2 72 1 9 93 1
24 2 1 49 4 1
4 39 1 2 69 1
8 65 1 7 63 1
79 91 1 57 89 1
89 39 1 98 40 1
99 42 1 100 47 1
16 35 1 14 33 1
74 50 1 70 52 1
47 6 1 85 40 1
23 57 1 44 54 1
17 79 1 15 85 1
71 86 1 67 82 1
83 67 1 83 76 1
4 73 1 6 34 1
25 5 1 66 37 1
24 51 1 28 40 1
94 16 1 93 20 1
79 39 1 73 38 1
47 23 1 40 23 1
37 42 1 1 9 1
9 41 1 8 57 1