67 20 1 35 96 1
78 27 1 69 61 1
5 85 1 21 98 1
54 46 1 10 85 1
2 7 1 3 65 1
67 80 1 65 58 1
80 44 1 66 68 1
81 90 1 46 77 1
48 37 1 51 32 1
17 55 1 3 21 1
19 18 1 19 65 1
32 59 1 9 75 1
99 75 1 80 87 1
28 95 1 35 72 1
69 19 1 87 32 1
16 18 1 66 7 1
98 13 1 100 18 1
76 83 1 97 6 1
27 75 1 42 61 1
38 94 1 46 81 1
22 12 1 9 15 1
47 33 1 22 31 1
43 49 1 35 41 1
40 2 1 41 9 1
88 69 1 96 17 1
26 36 1 20 63 1
82 20 1 79 6 1
12 53 1 7 76 1
50 24 1 57 28 1
89 29 1 86 17 1
17 22 1 9 27 1
25 28 1 38 28 1
36 100 1 16 90 1
11 18 1 3 7 1
98 3 1 93 51 1
71 12 1 54 65 1
64 12 1 61 31 1
42 97 1 39 93 1
24 24 1 85 1 1
77 99 1 82 99 1
61 13 1 47 25 1
39 56 1 19 71 1
29 71 1 16 87 1
25 77 1 32 78 1
7 43 1 15 54 1
69 95 1 88 98 1
63 86 1 95 100 1
62 60 1 64 53 1
88 26 1 72 14 1
72 37 1 60 51 1
100 60 1 96 73 1
56 41 1 9 74 1
85 64 1 80 74 1
17 49 1 13 32 1
53 66 1 63 79 1
22 78 1 10 86 1
46 68 1 44 73 1
1 48 1 1 43 1
16 20 1 4 18 1
1 4 1 1 17 1
82 46 1 81 38 1
34 14 1 20 17 1
1 89 1 2 28 1
3 72 1 2 89 1
24 9 1 31 10 1
29 38 1 43 44 1
3 73 1 11 80 1
24 20 1 23 26 1
45 78 1 69 15 1
88 2 1 94 3 1
82 45 1 86 36 1
66 71 1 63 74 1
36 22 1 59 36 1