71 65 1 79 60 1
16 76 1 67 25 1
24 84 1 92 3 1
28 34 1 4 50 1
41 80 1 86 30 1
75 97 1 13 88 1
66 45 1 57 60 1
34 1 1 49 22 1
38 33 1 22 59 1
75 88 1 73 94 1
72 2 1 1 85 1
98 8 1 78 75 1
41 45 1 1 87 1
34 64 1 9 81 1
37 6 1 13 23 1
50 97 1 89 98 1
57 70 1 62 93 1
38 4 1 44 13 1
63 45 1 55 57 1
69 92 1 89 67 1
62 17 1 39 43 1
2 52 1 27 17 1
5 84 1 54 34 1
17 63 1 31 33 1
88 89 1 89 81 1
63 48 1 94 12 1
16 14 1 5 35 1
47 91 1 31 79 1
97 24 1 84 66 1
91 93 1 90 62 1
45 38 1 67 20 1
48 39 1 29 59 1
62 19 1 80 16 1
76 20 1 16 83 1
17 60 1 8 51 1
93 63 1 97 81 1
98 63 1 99 56 1
71 84 1 70 68 1
3 93 1 16 84 1
8 49 1 26 38 1
11 88 1 39 66 1
99 28 1 84 71 1
63 25 1 7 82 1
81 51 1 91 24 1
25 58 1 69 19 1
8 22 1 6 16 1
52 97 1 55 96 1
13 48 1 17 46 1
60 45 1 94 3 1
93 46 1 94 49 1
81 70 1 83 63 1
75 32 1 96 6 1
90 61 1 97 49 1
43 21 1 38 20 1
97 87 1 100 79 1
88 27 1 38 81 1
17 81 1 14 81 1
68 70 1 69 56 1
50 24 1 50 18 1
32 22 1 37 14 1
17 49 1 14 55 1
38 86 1 25 89 1
53 3 1 65 5 1
79 46 1 81 39 1
37 91 1 18 88 1
43 80 1 55 87 1
18 90 1 40 94 1
68 13 1 74 3 1
19 10 1 3 43 1
44 27 1 35 31 1
24 59 1 26 59 1
20 5 1 7 1 1
81 14 1 63 16 1
39 17 1 34 27 1
64 71 1 64 79 1
16 5 1 3 8 1
20 57 1 32 41 1
42 59 1 41 61 1
65 84 1 73 47 1
54 98 1 8 97 1
23 3 1 29 2 1
32 14 1 31 11 1
12 63 1 10 73 1
31 85 1 38 85 1
13 41 1 35 27 1
46 96 1 43 94 1
78 7 1 80 5 1
40 97 1 22 93 1
63 94 1 38 82 1
42 6 1 46 9 1
50 86 1 39 80 1
96 41 1 96 50 1
1 16 1 2 47 1
44 2 1 55 7 1