5 41 1 79 45 1
97 86 1 67 79 1
24 19 1 1 32 1
100 41 1 5 60 1
31 12 1 13 32 1
72 33 1 26 23 1
92 50 1 48 78 1
61 6 1 41 17 1
10 72 1 96 94 1
13 17 1 8 25 1
26 75 1 40 62 1
23 4 1 29 9 1
88 42 1 31 39 1
31 78 1 28 96 1
54 26 1 76 11 1
3 75 1 10 69 1
97 74 1 82 70 1
83 96 1 79 91 1
17 81 1 9 91 1
44 36 1 61 32 1
46 26 1 31 3 1
9 94 1 18 80 1
13 29 1 6 40 1
52 99 1 100 99 1
95 38 1 82 8 1
13 6 1 19 17 1
37 69 1 44 72 1
93 87 1 37 78 1
93 48 1 75 55 1
94 12 1 91 1 1
81 46 1 67 52 1
65 53 1 10 61 1
31 96 1 66 87 1
48 42 1 14 38 1
53 82 1 99 89 1
18 63 1 80 50 1
80 58 1 79 74 1
78 33 1 79 5 1
12 46 1 29 50 1
4 95 1 7 72 1
71 30 1 77 31 1
24 79 1 18 86 1
67 26 1 68 29 1
16 44 1 32 48 1
1 78 1 3 46 1
65 16 1 62 16 1
43 59 1 40 59 1
62 30 1 25 21 1
43 97 1 81 98 1
99 78 1 97 64 1
1 23 1 1 22 1
74 34 1 94 39 1
33 65 1 17 69 1
70 39 1 77 36 1
92 97 1 53 97 1
4 63 1 23 72 1
89 79 1 70 77 1
26 97 1 8 96 1
56 70 1 49 65 1
45 73 1 34 73 1
54 74 1 53 69 1
1 26 1 9 17 1
79 2 1 58 19 1
86 59 1 99 59 1
33 78 1 34 89 1
58 71 1 55 69 1
93 94 1 68 88 1
23 97 1 80 98 1
32 36 1 28 33 1
69 33 1 88 38 1
55 96 1 55 94 1
41 47 1 60 46 1
84 47 1 81 47 1
85 14 1 98 26 1
60 56 1 82 50 1
4 96 1 32 100 1
77 61 1 63 74 1
7 40 1 63 43 1
10 65 1 12 62 1
58 64 1 76 54 1
75 5 1 63 7 1
18 8 1 21 8 1
38 12 1 39 5 1
86 50 1 88 46 1
35 66 1 27 70 1
12 7 1 6 6 1
31 92 1 47 89 1
24 75 1 58 84 1
69 19 1 71 26 1
60 75 1 71 64 1
58 60 1 14 64 1
42 83 1 58 88 1
32 54 1 2 43 1
49 22 1 53 11 1
51 88 1 40 90 1
40 47 1 29 44 1
56 28 1 98 40 1
41 37 1 24 23 1
84 74 1 92 73 1
62 96 1 72 91 1
38 97 1 45 93 1