76 74 1 36 62 1
45 47 1 22 60 1
80 14 1 30 48 1
97 86 1 12 64 1
93 52 1 32 60 1
16 99 1 6 80 1
80 4 1 13 28 1
70 39 1 77 36 1
9 80 1 18 91 1
9 66 1 64 13 1
4 34 1 43 4 1
36 20 1 24 41 1
39 44 1 82 52 1
38 82 1 16 66 1
92 97 1 53 97 1
24 93 1 59 78 1
89 79 1 70 77 1
93 14 1 56 43 1
21 89 1 23 72 1
47 95 1 98 92 1
80 16 1 33 47 1
90 22 1 96 71 1
4 53 1 5 66 1
94 38 1 97 63 1
46 54 1 78 53 1
45 73 1 34 73 1
8 29 1 16 10 1
32 7 1 23 12 1
54 74 1 53 69 1
1 26 1 9 17 1
31 81 1 24 81 1
24 60 1 37 57 1
15 44 1 25 31 1
22 85 1 24 99 1
6 74 1 22 95 1
41 22 1 75 8 1
3 72 1 37 26 1
75 29 1 84 23 1
59 38 1 73 24 1
66 9 1 32 19 1
31 61 1 94 58 1
27 61 1 83 77 1
26 43 1 42 33 1
64 84 1 56 93 1
99 8 1 71 49 1
2 98 1 4 74 1
86 6 1 40 40 1
23 81 1 47 83 1
15 30 1 9 55 1
84 47 1 81 47 1
59 19 1 75 12 1
100 97 1 98 30 1