91 20 1 25 1 1
2 37 1 74 90 1
52 30 1 88 46 1
77 61 1 63 74 1
82 99 1 3 54 1
56 96 1 9 92 1
32 53 1 6 24 1
68 97 1 21 83 1
17 8 1 80 54 1
58 74 1 46 41 1
71 51 1 56 61 1
72 21 1 80 37 1
90 79 1 94 55 1
88 53 1 90 41 1
54 38 1 20 34 1
17 82 1 8 66 1
19 8 1 47 22 1
56 91 1 39 83 1
64 19 1 60 13 1
99 30 1 92 54 1
80 3 1 74 15 1
77 95 1 91 57 1
34 81 1 8 65 1
27 15 1 71 37 1
95 78 1 79 92 1
10 65 1 12 62 1
58 64 1 76 54 1
71 77 1 58 77 1
76 33 1 65 23 1
85 45 1 88 62 1
75 5 1 63 7 1
43 31 1 21 18 1
79 81 1 82 70 1
97 40 1 88 69 1
91 1 1 52 6 1
89 45 1 92 12 1
20 62 1 33 64 1
28 91 1 37 92 1
12 7 1 6 6 1
20 11 1 7 3 1
23 67 1 31 74 1
10 54 1 1 48 1
69 19 1 71 26 1
81 5 1 88 17 1
41 45 1 50 72 1
54 50 1 63 49 1
60 75 1 71 64 1
29 57 1 2 38 1
24 48 1 6 36 1
40 85 1 33 74 1
57 21 1 58 25 1
42 83 1 58 88 1
60 35 1 40 23 1
69 51 1 49 43 1
41 32 1 10 16 1
3 4 1 6 22 1
49 22 1 53 11 1
35 71 1 31 66 1
96 56 1 97 63 1