14 28 1 88 38 1
34 48 1 43 65 1
87 57 1 13 91 1
88 8 1 94 17 1
39 25 1 95 28 1
58 57 1 67 37 1
58 69 1 66 65 1
42 22 1 37 20 1
43 88 1 75 99 1
3 21 1 26 84 1
99 80 1 65 90 1
68 71 1 81 78 1
3 68 1 2 48 1
85 47 1 82 53 1
41 77 1 21 32 1
24 22 1 24 29 1
65 57 1 82 57 1
16 25 1 16 27 1
7 52 1 6 95 1
90 39 1 96 43 1
15 50 1 2 10 1
73 12 1 30 7 1
98 80 1 92 59 1
20 85 1 8 76 1
59 54 1 58 44 1
80 38 1 100 64 1
29 53 1 29 77 1
82 83 1 80 63 1
1 87 1 2 96 1
44 39 1 47 69 1
71 36 1 71 48 1
12 17 1 10 9 1
48 8 1 92 7 1
23 20 1 27 26 1
29 82 1 27 58 1
49 17 1 13 19 1
74 12 1 69 17 1
49 83 1 30 90 1
65 77 1 75 86 1
27 100 1 48 93 1
64 48 1 96 59 1
60 76 1 58 85 1
24 57 1 8 18 1
39 24 1 62 26 1
49 24 1 63 13 1
1 16 1 2 51 1
98 23 1 100 1 1
56 55 1 50 65 1
70 63 1 43 75 1
60 10 1 78 9 1
51 95 1 65 100 1
100 31 1 92 31 1
61 20 1 72 12 1
5 59 1 6 51 1
13 10 1 33 1 1
61 33 1 92 29 1
45 89 1 23 100 1
33 81 1 35 65 1
68 65 1 45 76 1
86 96 1 82 97 1
20 69 1 9 65 1
59 29 1 86 28 1
66 86 1 60 91 1
24 12 1 34 3 1
68 95 1 83 100 1
41 19 1 50 19 1
6 47 1 2 14 1
60 73 1 71 84 1
92 36 1 96 35 1
5 5 1 15 27 1
92 38 1 47 32 1
34 13 1 38 11 1
68 4 1 97 3 1