74 91 1 95 41 1
13 31 1 47 49 1
10 75 1 94 100 1
61 28 1 83 59 1
46 80 1 37 76 1
24 58 1 9 55 1
3 72 1 2 89 1
24 9 1 31 10 1
40 14 1 61 89 1
21 48 1 52 58 1
29 38 1 43 44 1
26 50 1 43 74 1
68 63 1 63 82 1
67 43 1 72 89 1
73 100 1 8 98 1
55 1 1 46 22 1
98 78 1 91 60 1
56 66 1 64 86 1
3 73 1 11 80 1
24 20 1 23 26 1
89 92 1 85 66 1
84 61 1 80 65 1
89 11 1 61 19 1
99 38 1 73 21 1
50 82 1 40 58 1
88 2 1 94 3 1
51 23 1 77 52 1
50 9 1 4 15 1
5 56 1 52 87 1
2 21 1 18 31 1
82 45 1 86 36 1
36 91 1 45 98 1
52 86 1 55 83 1
40 91 1 43 87 1
2 43 1 41 48 1
86 75 1 85 69 1
52 20 1 63 25 1
99 16 1 99 12 1
5 72 1 37 78 1
57 18 1 83 41 1
50 41 1 43 13 1
24 94 1 5 76 1
90 26 1 89 12 1
34 51 1 50 55 1
59 48 1 63 75 1
16 13 1 48 8 1
25 14 1 36 38 1
89 39 1 89 54 1
30 6 1 45 2 1
86 2 1 92 15 1
25 41 1 9 28 1
72 1 1 63 2 1
23 70 1 33 77 1
74 79 1 83 68 1
59 7 1 56 11 1
8 93 1 16 87 1
51 6 1 46 7 1
61 49 1 65 50 1
50 99 1 67 96 1
12 18 1 20 13 1
97 36 1 91 15 1
1 64 1 7 66 1
42 92 1 15 83 1
53 61 1 40 18 1
10 78 1 71 94 1
38 40 1 16 26 1
75 51 1 70 52 1
58 87 1 52 61 1
67 27 1 82 54 1
30 94 1 7 95 1
77 26 1 78 34 1
27 100 1 59 100 1
57 43 1 61 67 1
21 7 1 7 10 1
11 68 1 6 70 1
52 89 1 8 75 1
37 16 1 37 39 1
60 26 1 57 24 1
84 10 1 85 6 1
28 59 1 13 45 1
96 26 1 96 17 1
29 97 1 32 90 1
87 72 1 89 70 1
65 38 1 50 18 1
59 57 1 54 34 1
13 37 1 4 37 1
41 34 1 40 27 1
21 66 1 40 70 1
100 27 1 98 95 1
52 65 1 54 82 1
39 48 1 25 46 1
3 62 1 2 63 1
86 70 1 93 52 1
9 64 1 15 65 1