72 78 1 35 59 1
92 14 1 66 66 1
52 58 1 95 98 1
15 45 1 2 81 1
23 19 1 79 17 1
24 84 1 42 32 1
86 40 1 91 64 1
44 1 1 91 4 1
34 11 1 84 13 1
80 20 1 12 30 1
96 47 1 93 70 1
100 31 1 97 56 1
33 41 1 25 70 1
88 40 1 89 50 1
7 87 1 53 84 1
78 73 1 88 50 1
47 68 1 64 89 1
53 37 1 77 23 1
12 46 1 6 12 1
35 25 1 31 20 1
90 21 1 77 47 1
53 45 1 45 44 1
3 5 1 24 15 1
80 60 1 94 12 1
57 86 1 16 87 1
35 14 1 74 17 1
87 55 1 97 88 1
58 59 1 35 53 1
8 22 1 26 75 1
78 34 1 59 59 1
72 87 1 45 95 1
43 5 1 33 5 1
78 100 1 70 77 1
61 40 1 55 39 1
51 92 1 8 90 1
64 78 1 65 82 1
96 55 1 97 55 1
20 46 1 26 58 1
78 26 1 91 9 1
20 15 1 2 10 1
4 94 1 70 98 1
12 39 1 13 41 1
88 16 1 68 39 1
63 9 1 90 9 1
41 65 1 51 73 1
70 28 1 60 56 1
38 5 1 82 5 1
17 43 1 56 25 1
78 71 1 76 66 1
59 87 1 49 73 1
83 97 1 79 91 1
34 13 1 69 15 1
91 45 1 95 14 1
35 69 1 29 77 1
54 50 1 63 42 1
45 46 1 53 47 1
63 83 1 51 72 1
5 50 1 1 46 1
27 13 1 33 12 1
34 92 1 21 94 1
14 57 1 15 86 1
6 2 1 44 2 1
60 64 1 76 40 1
27 37 1 12 33 1
85 64 1 92 94 1
44 11 1 97 4 1
34 14 1 57 16 1
94 59 1 93 34 1
88 91 1 74 70 1
38 11 1 58 7 1
23 13 1 38 8 1
7 73 1 12 56 1
42 62 1 51 66 1
36 51 1 61 27 1
34 23 1 63 20 1
16 45 1 20 47 1
94 42 1 99 23 1
63 67 1 78 65 1
57 87 1 54 91 1
35 42 1 34 37 1
18 3 1 69 3 1
25 72 1 23 53 1
45 57 1 54 64 1
15 23 1 12 17 1
75 99 1 21 96 1
38 67 1 39 81 1
5 86 1 2 98 1
62 63 1 64 61 1
19 16 1 22 28 1
37 100 1 54 98 1
51 6 1 25 9 1
82 52 1 67 65 1
26 78 1 26 78 1
2 61 1 4 72 1
31 37 1 28 58 1
74 97 1 54 96 1
30 14 1 36 17 1
77 51 1 80 51 1
69 4 1 16 4 1
98 59 1 95 69 1
11 62 1 13 80 1