63 56 1 34 37 1
75 77 1 63 41 1
60 27 1 61 40 1
34 6 1 49 14 1
19 29 1 47 15 1
69 56 1 73 61 1
6 18 1 62 96 1
17 71 1 3 11 1
17 82 1 17 95 1
96 70 1 85 40 1
100 58 1 93 54 1
41 63 1 54 57 1
47 12 1 83 5 1
74 39 1 97 85 1
27 45 1 40 63 1
71 11 1 20 35 1
93 90 1 78 65 1
85 35 1 81 26 1
71 17 1 93 68 1
34 79 1 2 76 1
52 58 1 95 98 1
44 1 1 91 4 1
100 31 1 97 56 1
88 40 1 89 50 1
48 83 1 60 98 1
39 30 1 72 14 1
50 58 1 23 39 1
92 38 1 71 9 1
10 37 1 42 75 1
27 64 1 21 65 1
47 68 1 64 89 1
31 83 1 33 95 1
51 96 1 30 68 1
71 52 1 72 21 1
36 71 1 52 90 1
53 45 1 45 44 1
3 5 1 24 15 1
26 81 1 4 78 1