96 80 1 21 31 1
35 14 1 74 17 1
16 57 1 10 8 1
33 70 1 14 81 1
70 84 1 34 83 1
26 42 1 61 66 1
96 18 1 84 38 1
84 74 1 32 72 1
30 79 1 18 97 1
93 61 1 59 36 1
9 82 1 1 66 1
97 69 1 13 13 1
28 34 1 12 15 1
72 87 1 45 95 1
43 5 1 33 5 1
78 100 1 70 77 1
61 40 1 55 39 1
64 78 1 65 82 1
20 65 1 43 71 1
96 55 1 97 55 1
15 92 1 5 60 1
20 46 1 26 58 1
74 52 1 91 62 1
45 84 1 33 94 1
75 18 1 94 11 1
71 34 1 88 23 1
67 10 1 34 12 1
2 69 1 3 83 1
28 18 1 53 20 1
12 39 1 13 41 1
37 24 1 4 3 1
63 9 1 90 9 1
88 17 1 67 19 1
84 2 1 86 4 1
54 35 1 34 25 1
38 5 1 82 5 1
89 54 1 48 29 1
1 1 1 18 68 1
24 16 1 27 19 1
70 10 1 95 10 1
14 88 1 11 64 1
65 36 1 78 28 1
83 97 1 79 91 1
57 58 1 54 59 1
14 1 1 79 2 1