69 78 1 7 79 1
1 92 1 99 79 1
7 74 1 38 43 1
81 44 1 56 34 1
90 34 1 70 28 1
27 10 1 8 72 1
23 5 1 80 5 1
47 41 1 63 25 1
100 77 1 20 71 1
68 95 1 83 100 1
22 61 1 51 64 1
3 51 1 24 17 1
52 95 1 44 94 1
81 62 1 63 40 1
39 60 1 99 68 1
41 19 1 50 19 1
69 16 1 92 1 1
30 80 1 22 82 1
60 22 1 51 9 1
16 100 1 51 90 1
21 32 1 39 43 1
92 36 1 96 35 1
26 68 1 48 69 1
83 59 1 92 34 1
5 5 1 15 27 1
66 30 1 83 36 1
98 30 1 75 21 1
34 13 1 38 11 1
21 80 1 21 81 1
49 37 1 54 21 1
61 74 1 67 74 1
25 52 1 21 51 1
83 74 1 88 72 1
66 78 1 20 78 1
91 62 1 100 58 1
15 70 1 92 70 1
53 32 1 70 20 1
87 24 1 93 23 1
44 89 1 72 91 1
46 85 1 27 86 1
13 2 1 9 1 1
93 82 1 51 88 1
8 3 1 40 1 1
71 100 1 52 98 1
28 55 1 69 50 1
17 32 1 3 89 1
61 26 1 40 8 1
19 26 1 11 62 1
72 61 1 55 57 1
70 33 1 74 41 1
48 66 1 65 66 1
62 66 1 80 66 1
65 29 1 71 27 1
9 34 1 11 25 1
60 11 1 62 9 1
90 72 1 90 73 1
12 16 1 23 18 1
85 89 1 82 93 1
17 69 1 55 64 1
94 14 1 100 7 1
71 7 1 71 13 1
42 42 1 37 25 1
10 94 1 58 85 1
47 61 1 42 55 1
60 57 1 74 59 1
61 81 1 68 80 1
98 15 1 90 23 1
67 13 1 72 24 1
50 34 1 50 37 1
94 35 1 99 34 1
74 78 1 17 76 1
100 99 1 83 92 1
33 15 1 35 40 1
71 97 1 72 97 1
44 46 1 39 40 1
13 89 1 18 83 1
4 90 1 19 82 1
90 51 1 99 43 1
81 1 1 17 5 1
91 49 1 90 42 1
87 65 1 68 43 1
26 62 1 32 64 1
33 100 1 62 95 1
2 69 1 3 18 1
57 62 1 54 55 1
23 85 1 88 79 1
61 90 1 64 87 1
39 95 1 28 100 1
24 92 1 25 96 1
24 22 1 37 7 1
91 88 1 77 90 1
45 31 1 40 24 1
46 25 1 33 14 1
79 74 1 93 70 1