99 89 1 86 95 1
17 86 1 20 97 1
47 76 1 40 91 1
24 89 1 58 16 1
50 9 1 1 25 1
38 82 1 58 30 1
81 11 1 62 39 1
54 99 1 55 50 1
23 84 1 4 38 1
10 71 1 3 83 1
80 83 1 99 49 1
11 25 1 74 12 1
78 72 1 70 94 1
25 96 1 9 58 1
72 32 1 78 30 1
62 73 1 61 42 1
36 33 1 20 44 1
30 88 1 49 40 1
87 10 1 85 8 1
99 48 1 100 41 1
77 34 1 82 27 1
64 96 1 76 33 1
9 20 1 19 13 1
47 77 1 54 62 1
6 37 1 27 68 1
64 22 1 58 48 1
77 51 1 95 56 1
2 87 1 7 96 1
98 94 1 89 95 1
23 70 1 7 45 1
36 1 1 8 14 1
6 49 1 4 62 1
33 66 1 35 65 1
45 35 1 23 90 1
57 50 1 61 16 1
50 51 1 49 72 1
94 39 1 96 43 1
56 67 1 64 80 1