81 70 1 1 73 1
87 78 1 78 59 1
68 84 1 43 81 1
32 29 1 84 16 1
17 37 1 22 17 1
89 68 1 95 7 1
67 4 1 2 50 1
63 62 1 22 62 1
69 40 1 74 62 1
61 1 1 86 1 1
2 57 1 51 29 1
2 3 1 41 8 1
36 100 1 89 89 1
64 62 1 31 71 1
89 82 1 81 24 1
67 19 1 63 16 1
74 26 1 19 52 1
66 73 1 96 90 1
94 7 1 66 11 1
8 76 1 14 86 1
76 58 1 80 31 1
22 50 1 57 32 1
90 11 1 56 16 1
64 61 1 61 45 1
48 17 1 24 24 1
39 89 1 37 82 1
37 78 1 54 77 1
23 16 1 24 6 1
82 53 1 80 60 1
38 41 1 20 47 1
74 67 1 59 36 1
1 66 1 4 60 1
34 21 1 58 6 1
7 35 1 2 27 1
17 87 1 12 78 1
43 72 1 51 74 1
12 92 1 34 89 1
35 69 1 30 66 1
56 54 1 8 61 1
82 3 1 12 4 1
16 62 1 54 56 1
54 37 1 62 61 1
16 25 1 12 34 1
100 17 1 95 32 1
71 40 1 59 34 1
94 52 1 95 23 1
71 7 1 77 6 1
9 63 1 42 60 1
49 11 1 24 15 1
64 93 1 12 97 1
19 95 1 16 94 1
61 84 1 28 81 1
99 60 1 95 37 1
75 91 1 20 93 1
84 44 1 89 71 1
11 4 1 11 2 1
10 74 1 40 92 1
3 74 1 6 87 1
60 73 1 54 80 1
23 27 1 37 25 1
31 78 1 72 82 1
71 69 1 67 55 1
59 88 1 87 85 1
90 95 1 94 97 1
19 28 1 1 7 1
58 26 1 53 33 1
79 31 1 69 29 1
100 26 1 98 51 1
12 60 1 39 52 1
53 52 1 58 50 1
81 26 1 77 44 1
1 46 1 10 36 1
94 26 1 89 76 1