10 3 1 17 75 1
70 48 1 74 82 1
100 31 1 5 82 1
25 37 1 89 28 1
11 100 1 34 82 1
36 2 1 55 7 1
61 17 1 86 21 1
53 59 1 26 99 1
24 42 1 17 73 1
63 94 1 54 61 1
37 62 1 53 54 1
71 29 1 24 11 1
13 85 1 14 96 1
77 96 1 68 60 1
92 28 1 38 61 1
26 37 1 75 32 1
21 28 1 26 46 1
59 16 1 82 11 1
37 51 1 19 72 1
3 39 1 8 74 1
61 93 1 54 93 1
94 52 1 91 71 1
37 27 1 54 27 1
36 31 1 26 14 1
59 67 1 57 67 1
41 34 1 56 27 1
82 56 1 97 85 1
28 46 1 25 40 1
66 65 1 66 63 1
80 52 1 84 65 1
96 71 1 99 34 1
12 11 1 32 32 1
51 11 1 48 9 1
100 92 1 74 81 1
28 20 1 20 19 1
73 47 1 87 56 1
16 84 1 42 69 1
63 48 1 40 63 1
8 10 1 8 69 1
87 49 1 87 45 1
29 9 1 69 6 1
69 33 1 46 51 1
47 54 1 45 51 1
71 86 1 72 88 1
84 81 1 84 73 1
62 97 1 38 88 1
89 4 1 53 16 1
96 25 1 45 15 1
95 26 1 88 36 1
97 1 1 98 7 1
32 8 1 13 4 1
22 10 1 58 19 1
100 97 1 16 100 1
58 1 1 13 1 1
33 30 1 24 22 1
17 5 1 23 9 1
89 42 1 89 45 1
50 58 1 24 98 1
62 64 1 64 80 1
73 37 1 57 43 1
87 84 1 74 72 1
64 17 1 89 20 1
94 27 1 72 21 1
44 83 1 48 88 1
90 41 1 79 49 1
47 69 1 37 84 1
99 7 1 94 12 1
32 97 1 58 98 1
32 62 1 26 65 1
44 42 1 40 45 1
14 53 1 13 45 1
70 34 1 70 37 1
24 27 1 33 35 1
90 71 1 100 90 1
43 11 1 32 12 1
65 61 1 66 57 1
78 15 1 81 17 1
3 28 1 5 31 1
93 15 1 96 20 1
56 85 1 50 91 1
67 9 1 78 7 1
37 76 1 27 79 1
45 28 1 31 33 1
34 40 1 33 38 1
10 65 1 9 73 1
10 1 1 86 2 1
89 38 1 96 55 1