4 7 1 59 58 1
81 66 1 88 93 1
58 85 1 34 62 1
69 88 1 95 10 1
42 20 1 96 7 1
9 81 1 23 53 1
82 34 1 56 83 1
6 73 1 21 42 1
52 31 1 64 47 1
64 45 1 75 25 1
42 45 1 4 36 1
44 40 1 25 24 1
51 91 1 66 100 1
8 56 1 2 32 1
51 28 1 58 35 1
14 60 1 8 84 1
65 72 1 79 48 1
99 4 1 89 75 1
61 10 1 55 12 1
61 33 1 12 2 1
68 1 1 58 5 1
31 17 1 51 36 1
72 84 1 68 92 1
56 90 1 63 94 1
52 75 1 37 54 1
51 13 1 32 12 1
28 91 1 42 74 1
13 7 1 33 22 1
20 63 1 30 62 1
59 57 1 45 31 1
68 20 1 86 24 1
65 54 1 55 38 1
77 75 1 82 96 1
20 49 1 49 77 1
62 62 1 86 26 1
25 8 1 81 4 1
78 8 1 73 6 1
40 36 1 21 15 1
34 37 1 30 42 1
4 99 1 68 86 1
80 97 1 66 94 1
14 100 1 10 100 1
19 68 1 7 98 1
78 50 1 74 58 1
56 28 1 48 23 1