47 81 1 60 26 1
51 82 1 75 49 1
52 72 1 97 22 1
27 3 1 42 35 1
27 55 1 18 58 1
90 21 1 50 3 1
11 43 1 49 49 1
1 88 1 38 99 1
98 67 1 92 71 1
96 28 1 83 72 1
43 51 1 18 68 1
44 96 1 100 72 1
9 71 1 49 93 1
40 95 1 22 84 1
33 11 1 91 26 1
59 94 1 72 88 1
83 60 1 82 63 1
18 74 1 52 90 1
65 26 1 58 43 1
76 70 1 65 83 1
70 83 1 72 76 1
2 71 1 13 35 1
32 76 1 42 76 1
22 91 1 17 76 1
67 66 1 83 42 1
90 40 1 64 80 1
27 34 1 24 32 1
60 43 1 71 26 1
28 16 1 51 49 1
51 37 1 37 15 1
86 21 1 88 25 1
19 30 1 36 40 1
25 77 1 41 56 1
92 66 1 93 68 1
19 38 1 3 28 1
83 84 1 69 87 1
14 74 1 9 85 1
18 99 1 7 91 1
41 81 1 54 50 1
31 10 1 44 33 1
93 7 1 79 5 1
89 71 1 80 73 1
81 100 1 66 98 1
51 18 1 87 25 1
42 3 1 82 1 1
32 25 1 28 21 1
22 17 1 15 14 1
90 89 1 92 80 1
49 81 1 49 80 1
95 6 1 100 1 1
80 10 1 69 7 1
83 36 1 70 38 1