27 74 1 58 91 1
98 79 1 33 73 1
15 60 1 22 10 1
83 76 1 69 34 1
16 97 1 13 37 1
26 10 1 80 11 1
31 19 1 86 27 1
49 65 1 71 47 1
42 62 1 69 45 1
89 13 1 90 41 1
25 33 1 61 50 1
64 94 1 100 94 1
74 56 1 52 67 1
41 21 1 85 27 1
22 96 1 89 97 1
66 92 1 20 67 1
19 34 1 36 64 1
88 21 1 54 15 1
43 22 1 78 33 1
29 50 1 34 45 1
96 46 1 96 60 1
64 82 1 62 88 1
85 81 1 60 96 1
7 24 1 8 89 1
83 75 1 100 18 1
42 58 1 46 45 1
23 80 1 31 88 1
15 35 1 17 6 1
49 89 1 35 81 1
16 12 1 2 13 1
57 35 1 37 34 1
69 15 1 25 11 1
33 88 1 17 70 1
61 19 1 54 21 1
86 83 1 90 87 1
96 37 1 95 65 1
98 9 1 80 10 1
63 79 1 61 79 1
20 36 1 25 52 1
100 21 1 97 52 1
59 2 1 31 8 1
83 41 1 82 33 1
56 17 1 85 22 1
55 9 1 64 2 1
85 34 1 85 32 1
42 64 1 32 49 1
82 44 1 81 46 1
33 55 1 47 74 1
71 31 1 71 32 1
33 44 1 33 42 1
93 37 1 98 18 1
10 95 1 10 39 1
69 13 1 96 11 1
11 74 1 12 33 1
3 41 1 8 92 1
35 87 1 38 84 1
64 47 1 68 37 1
33 91 1 21 89 1
2 98 1 4 92 1