68 19 1 64 97 1
24 33 1 27 66 1
14 35 1 36 94 1
39 27 1 60 38 1
35 49 1 26 22 1
24 2 1 60 75 1
8 92 1 4 77 1
4 18 1 19 79 1
20 94 1 25 75 1
36 11 1 70 17 1
74 24 1 72 67 1
79 16 1 99 67 1
82 81 1 87 81 1
16 46 1 26 69 1
72 48 1 69 94 1
36 88 1 21 52 1
63 89 1 36 73 1
23 19 1 41 74 1
86 100 1 19 100 1
82 67 1 88 75 1
31 35 1 28 22 1
45 63 1 39 45 1
52 87 1 31 74 1
96 11 1 91 2 1
89 42 1 86 39 1
39 92 1 50 95 1
71 91 1 86 55 1
76 4 1 92 42 1
9 30 1 15 35 1
58 72 1 47 57 1
17 77 1 10 48 1
6 61 1 7 64 1
10 39 1 12 49 1
27 34 1 29 50 1
54 57 1 64 50 1
73 94 1 79 89 1
34 67 1 32 50 1
19 3 1 19 30 1
37 58 1 36 29 1
89 64 1 91 71 1
43 80 1 49 82 1
63 27 1 31 16 1
5 59 1 2 83 1
40 4 1 37 4 1
29 52 1 26 42 1
57 31 1 56 25 1
88 51 1 72 81 1
43 86 1 41 83 1
73 55 1 78 26 1
92 94 1 93 90 1
27 85 1 22 99 1
36 68 1 40 75 1
8 20 1 13 10 1
58 67 1 59 54 1
1 99 1 1 8 1
65 33 1 62 27 1
11 54 1 10 72 1
87 77 1 81 81 1
100 86 1 80 92 1
85 48 1 84 51 1
96 19 1 93 20 1
44 20 1 69 18 1
64 67 1 63 62 1
100 29 1 100 55 1
84 9 1 94 31 1
2 51 1 4 61 1