69 24 1 31 19 1
15 93 1 41 41 1
43 100 1 69 77 1
61 37 1 56 43 1
5 14 1 1 29 1
16 78 1 22 20 1
60 29 1 73 65 1
84 89 1 85 67 1
11 99 1 17 18 1
27 86 1 35 68 1
15 19 1 6 55 1
29 85 1 68 60 1
25 3 1 95 7 1
52 91 1 26 87 1
38 54 1 24 81 1
67 30 1 99 73 1
68 91 1 81 89 1
10 100 1 30 96 1
1 5 1 92 28 1
98 29 1 80 16 1
27 10 1 67 17 1
9 4 1 84 10 1
56 34 1 10 15 1
19 84 1 30 62 1
89 61 1 85 99 1
34 32 1 19 70 1
77 41 1 77 41 1
48 41 1 27 76 1
85 34 1 93 30 1
60 68 1 59 69 1
47 46 1 47 60 1
47 23 1 68 27 1
72 29 1 78 43 1
69 62 1 53 83 1
97 19 1 91 18 1
84 33 1 73 31 1
63 60 1 51 43 1
99 83 1 98 87 1
27 21 1 10 14 1
67 48 1 75 48 1
80 46 1 80 43 1
27 77 1 25 92 1
57 1 1 56 3 1
13 87 1 20 24 1
15 86 1 21 22 1
77 66 1 84 80 1
66 15 1 69 13 1
62 100 1 74 76 1
58 100 1 61 97 1
54 51 1 49 61 1
64 21 1 84 30 1
14 37 1 2 98 1
21 71 1 40 37 1
70 66 1 57 85 1
70 51 1 83 85 1
66 16 1 95 13 1
64 29 1 64 31 1
7 24 1 4 21 1
26 52 1 30 42 1
6 45 1 1 74 1
100 37 1 100 64 1
99 22 1 96 66 1
84 41 1 96 68 1
77 45 1 68 36 1
2 36 1 7 31 1
96 82 1 96 100 1
41 98 1 41 96 1
14 27 1 5 68 1
30 19 1 46 17 1
3 6 1 56 32 1
77 76 1 74 66 1
19 79 1 19 73 1
41 36 1 36 47 1