73 51 1 87 90 1
98 32 1 84 27 1
27 47 1 64 94 1
17 8 1 71 46 1
8 96 1 53 81 1
38 48 1 19 21 1
78 94 1 75 72 1
51 13 1 96 24 1
76 28 1 4 2 1
5 96 1 18 69 1
35 37 1 63 88 1
5 32 1 47 73 1
76 14 1 86 15 1
82 56 1 49 36 1
54 1 1 41 7 1
53 69 1 46 51 1
1 54 1 11 60 1
94 98 1 35 93 1
15 18 1 9 15 1
84 67 1 98 75 1
38 13 1 64 20 1
12 52 1 25 74 1
46 25 1 85 34 1
72 65 1 67 89 1
35 63 1 38 75 1
81 1 1 82 13 1
14 20 1 29 38 1
38 32 1 35 35 1
69 52 1 56 70 1
90 32 1 63 19 1
25 54 1 21 57 1
98 92 1 100 99 1
15 15 1 99 62 1
97 39 1 100 23 1
73 95 1 70 95 1
1 38 1 33 70 1
100 98 1 100 72 1
94 11 1 97 25 1
75 77 1 67 94 1
45 80 1 28 81 1
16 63 1 12 77 1
6 32 1 10 29 1
16 72 1 16 72 1
6 14 1 6 10 1
35 49 1 2 18 1
26 27 1 15 16 1
55 41 1 42 32 1
92 97 1 60 95 1
30 99 1 41 96 1
35 16 1 67 28 1
84 14 1 61 8 1
26 6 1 93 29 1
45 59 1 33 50 1
67 6 1 49 6 1
35 33 1 34 42 1
26 71 1 33 76 1
78 92 1 88 95 1
45 72 1 48 75 1
43 55 1 11 11 1
74 36 1 100 55 1
71 31 1 72 38 1
70 23 1 76 27 1
53 9 1 93 19 1
71 33 1 66 41 1
6 43 1 7 44 1
90 89 1 86 94 1
25 82 1 15 90 1
38 41 1 51 64 1
95 7 1 87 1 1
27 38 1 16 31 1
3 85 1 7 70 1
23 4 1 84 25 1
21 13 1 19 16 1
28 24 1 95 60 1
17 81 1 14 84 1
81 33 1 22 9 1
19 76 1 46 77 1
84 40 1 93 31 1
7 89 1 12 79 1
63 54 1 64 58 1