15 67 1 86 77 1
99 29 1 81 47 1
91 18 1 3 27 1
18 66 1 15 59 1
82 63 1 93 75 1
37 56 1 62 26 1
9 29 1 54 35 1
88 4 1 40 1 1
99 60 1 95 37 1
90 9 1 9 10 1
2 33 1 31 56 1
75 91 1 20 93 1
90 20 1 41 24 1
79 73 1 51 52 1
50 37 1 8 34 1
33 89 1 43 71 1
31 96 1 93 93 1
4 66 1 14 94 1
51 82 1 39 83 1
11 4 1 11 2 1
10 41 1 15 98 1
56 70 1 39 68 1
76 61 1 89 57 1
64 34 1 62 24 1
20 49 1 24 64 1
81 86 1 89 90 1
6 34 1 47 66 1
86 39 1 64 33 1
3 74 1 6 87 1
30 62 1 46 68 1
42 46 1 30 42 1
50 55 1 57 67 1
1 10 1 88 12 1
79 33 1 95 27 1
64 14 1 6 14 1
74 67 1 60 55 1
65 55 1 67 39 1
100 86 1 75 61 1
23 27 1 37 25 1
64 48 1 44 51 1
59 88 1 87 85 1
92 14 1 4 14 1
90 95 1 94 97 1
60 44 1 66 42 1
27 23 1 86 17 1
58 26 1 53 33 1
79 31 1 69 29 1
100 26 1 98 51 1
29 67 1 17 60 1
46 54 1 53 69 1
12 12 1 90 13 1
60 79 1 47 72 1
91 8 1 24 3 1
53 52 1 58 50 1
2 88 1 4 41 1
70 58 1 77 37 1
70 96 1 33 99 1
90 42 1 90 56 1
82 5 1 54 3 1
66 33 1 89 37 1
73 75 1 73 74 1
23 92 1 31 86 1
2 31 1 20 42 1
8 70 1 4 44 1
34 100 1 86 97 1
80 17 1 24 18 1
22 21 1 14 15 1
83 80 1 95 87 1
29 76 1 19 90 1
87 78 1 30 92 1
32 85 1 34 72 1
1 19 1 9 21 1
39 80 1 43 78 1
56 27 1 48 24 1
6 80 1 13 100 1
76 3 1 64 1 1
16 45 1 23 51 1
98 86 1 98 94 1
53 19 1 34 18 1
76 9 1 58 8 1
41 59 1 43 56 1
48 70 1 38 70 1
1 81 1 1 99 1
86 92 1 53 94 1
58 23 1 5 27 1
31 53 1 39 53 1
39 86 1 62 80 1
93 51 1 94 37 1
78 30 1 90 22 1
18 87 1 12 48 1
12 29 1 50 34 1
83 30 1 73 34 1
26 14 1 93 14 1
99 5 1 100 1 1