50 4 1 38 36 1
81 31 1 35 66 1
4 78 1 70 93 1
7 69 1 73 85 1
56 85 1 5 76 1
46 18 1 85 5 1
84 37 1 79 88 1
10 4 1 33 17 1
99 15 1 83 89 1
84 4 1 92 10 1
24 72 1 78 59 1
81 96 1 100 43 1
8 51 1 28 57 1
31 30 1 44 56 1
21 29 1 30 43 1
19 87 1 53 98 1
25 56 1 11 48 1
18 33 1 12 43 1
11 84 1 16 86 1
61 47 1 82 33 1
24 98 1 95 99 1
33 53 1 13 46 1
45 39 1 71 24 1
3 43 1 1 5 1
22 65 1 13 56 1
100 68 1 94 64 1
77 94 1 80 46 1
57 95 1 96 99 1
22 54 1 6 44 1
2 23 1 7 71 1
88 28 1 70 14 1
86 30 1 66 30 1
7 87 1 8 89 1
4 29 1 12 8 1
20 22 1 44 57 1
77 57 1 62 59 1
4 87 1 25 99 1
92 37 1 92 12 1
7 66 1 10 61 1
63 58 1 74 51 1
57 6 1 83 4 1
32 24 1 27 15 1
16 73 1 21 74 1
100 48 1 99 58 1
42 88 1 72 95 1
49 44 1 52 53 1
35 6 1 38 37 1
75 21 1 67 22 1
70 21 1 68 13 1
60 78 1 58 69 1
72 72 1 75 69 1
3 97 1 16 94 1
54 80 1 38 76 1
2 79 1 2 91 1
3 100 1 75 99 1
100 77 1 97 93 1
16 78 1 18 81 1
86 91 1 96 91 1
31 4 1 21 7 1
28 62 1 30 52 1
17 10 1 14 8 1
49 24 1 54 22 1
92 74 1 90 81 1
43 76 1 56 76 1
9 26 1 21 32 1
87 69 1 98 19 1
61 39 1 56 39 1
90 65 1 99 17 1
51 63 1 81 42 1
38 23 1 37 18 1
3 86 1 21 87 1
44 40 1 45 31 1
9 38 1 9 32 1
13 10 1 24 22 1
36 19 1 33 26 1
58 21 1 56 22 1
65 74 1 64 79 1
4 11 1 5 17 1
11 64 1 13 59 1
19 70 1 30 64 1
67 64 1 35 75 1
51 33 1 46 30 1
4 83 1 3 37 1
22 35 1 27 39 1
73 34 1 47 38 1
4 18 1 10 13 1
27 95 1 12 87 1
24 28 1 14 18 1
17 8 1 32 33 1
29 22 1 42 51 1
44 28 1 51 27 1
7 79 1 17 84 1
34 50 1 32 68 1
10 91 1 5 92 1
76 41 1 73 42 1
4 6 1 7 8 1
81 76 1 87 56 1
96 74 1 90 90 1
11 46 1 20 38 1
97 36 1 88 74 1
54 52 1 48 59 1