59 29 1 83 20 1
45 40 1 83 68 1
21 32 1 14 68 1
91 56 1 4 6 1
37 54 1 72 88 1
59 42 1 31 27 1
76 100 1 19 79 1
68 41 1 94 48 1
81 15 1 48 26 1
8 19 1 10 47 1
1 73 1 36 79 1
33 81 1 100 99 1
69 91 1 62 90 1
20 76 1 35 42 1
81 7 1 96 50 1
46 62 1 94 84 1
26 33 1 41 41 1
61 86 1 99 93 1
41 1 1 55 21 1
75 13 1 83 3 1
99 56 1 94 73 1
51 20 1 43 17 1
13 20 1 15 59 1
64 80 1 51 66 1
40 43 1 32 70 1
5 91 1 14 84 1
37 74 1 53 81 1
84 38 1 83 18 1
10 86 1 3 90 1
20 62 1 27 56 1
69 42 1 39 22 1
83 51 1 37 23 1
66 54 1 72 51 1
91 88 1 100 87 1
99 52 1 100 46 1
73 53 1 83 52 1
56 22 1 59 15 1
7 75 1 43 82 1