41 52 1 50 66 1
39 78 1 18 11 1
91 88 1 100 87 1
99 52 1 100 46 1
73 53 1 83 52 1
56 22 1 59 15 1
17 1 1 42 49 1
16 67 1 2 12 1
87 25 1 84 82 1
69 38 1 64 25 1
69 36 1 99 9 1
92 89 1 80 93 1
67 39 1 75 82 1
61 9 1 93 6 1
69 63 1 75 98 1
47 10 1 57 19 1
6 81 1 68 95 1
32 8 1 86 15 1
7 75 1 43 82 1
48 37 1 66 94 1
8 46 1 5 74 1
38 44 1 31 30 1
92 49 1 86 81 1
80 46 1 85 40 1
74 98 1 53 43 1
21 33 1 12 38 1
87 7 1 97 10 1
79 48 1 83 33 1
59 9 1 67 6 1
56 72 1 49 62 1
96 76 1 99 24 1
65 28 1 52 25 1
66 55 1 26 5 1
65 66 1 68 75 1
36 27 1 30 19 1
51 38 1 49 35 1
78 39 1 72 49 1
19 70 1 22 30 1
44 58 1 57 83 1
21 96 1 2 96 1
37 83 1 22 80 1
63 40 1 36 9 1
35 55 1 47 65 1
72 3 1 58 5 1
25 7 1 27 11 1