49 42 1 39 89 1
43 29 1 5 22 1
24 3 1 71 1 1
33 11 1 54 17 1
89 67 1 85 77 1
81 64 1 72 69 1
33 54 1 88 6 1
51 44 1 91 64 1
99 59 1 85 47 1
15 78 1 40 90 1
31 7 1 22 9 1
1 61 1 48 31 1
33 27 1 56 19 1
41 96 1 92 96 1
53 63 1 69 93 1
90 50 1 81 33 1
25 67 1 33 66 1
99 90 1 87 81 1
63 3 1 7 13 1
79 73 1 77 76 1
16 84 1 20 83 1
34 68 1 6 74 1
84 26 1 54 44 1
4 98 1 53 91 1
20 43 1 2 33 1
87 94 1 69 92 1
26 74 1 12 75 1
19 53 1 30 47 1
1 55 1 51 25 1
7 71 1 9 62 1
18 66 1 50 29 1
37 24 1 35 25 1
19 11 1 21 14 1
44 67 1 55 61 1
76 57 1 65 80 1
62 31 1 77 27 1
22 88 1 22 84 1
97 39 1 100 33 1
75 13 1 46 8 1
24 29 1 18 33 1
81 30 1 78 56 1
52 92 1 10 100 1
89 44 1 84 33 1
1 30 1 5 45 1
29 64 1 30 63 1
10 58 1 33 46 1
83 45 1 99 58 1
65 62 1 47 58 1
10 90 1 4 84 1
87 27 1 83 33 1
95 25 1 96 52 1
37 20 1 72 18 1