99 2 1 4 81 1
86 57 1 76 52 1
59 20 1 51 6 1
68 69 1 70 80 1
67 52 1 34 94 1
85 54 1 92 36 1
37 28 1 27 23 1
1 90 1 46 58 1
32 100 1 99 97 1
38 35 1 7 77 1
14 7 1 8 63 1
98 79 1 94 74 1
76 29 1 63 47 1
97 32 1 80 29 1
99 94 1 47 91 1
31 34 1 19 11 1
34 9 1 46 46 1
3 64 1 6 17 1
8 16 1 5 69 1
91 58 1 78 67 1
44 62 1 74 31 1
79 86 1 49 88 1
94 4 1 60 5 1
73 68 1 92 83 1
10 56 1 5 76 1
95 66 1 99 20 1
36 93 1 51 81 1
61 26 1 66 7 1
95 10 1 34 66 1
30 45 1 25 27 1
90 59 1 94 62 1
43 22 1 50 4 1
16 1 1 25 35 1
94 97 1 38 99 1
5 6 1 8 2 1
14 96 1 37 84 1
58 46 1 29 76 1
47 31 1 44 31 1
100 78 1 99 49 1
27 89 1 11 83 1
82 37 1 51 75 1
80 94 1 57 94 1
20 6 1 55 1 1
24 71 1 70 27 1
60 58 1 62 57 1
51 57 1 31 75 1
19 97 1 76 96 1
47 69 1 69 43 1
90 84 1 78 79 1
51 26 1 51 8 1
63 95 1 52 96 1
83 15 1 74 15 1
13 60 1 14 12 1
42 92 1 48 92 1
3 1 1 1 17 1
25 75 1 16 83 1
86 86 1 50 79 1
31 11 1 38 23 1
71 53 1 66 78 1