73 92 1 91 9 1
4 58 1 1 20 1
3 80 1 20 96 1
46 60 1 12 35 1
6 26 1 25 71 1
66 12 1 13 8 1
74 56 1 84 11 1
71 14 1 53 5 1
17 69 1 65 83 1
58 75 1 76 56 1
40 5 1 21 5 1
64 26 1 42 18 1
32 27 1 30 43 1
36 96 1 25 75 1
41 38 1 45 39 1
73 50 1 61 35 1
6 8 1 2 20 1
19 33 1 6 15 1
78 64 1 76 75 1
59 78 1 40 61 1
91 4 1 70 21 1
19 95 1 11 39 1
72 53 1 37 44 1
81 64 1 90 63 1
60 23 1 67 16 1
26 17 1 63 26 1
10 14 1 25 23 1
97 27 1 95 91 1
32 35 1 40 29 1
65 74 1 74 96 1
94 45 1 84 99 1
70 31 1 40 34 1
48 32 1 20 16 1
84 23 1 81 25 1
89 70 1 94 42 1
23 26 1 25 24 1
24 42 1 33 44 1
83 5 1 80 6 1
4 69 1 3 50 1
49 28 1 60 29 1
42 2 1 76 7 1
41 56 1 60 51 1
47 99 1 39 95 1
52 88 1 38 89 1
36 19 1 36 19 1
84 29 1 79 54 1
77 25 1 70 30 1
19 24 1 21 26 1
66 29 1 65 27 1
95 4 1 91 37 1
79 90 1 78 84 1
35 20 1 38 26 1
22 94 1 28 96 1
47 9 1 51 8 1
43 67 1 33 60 1
15 41 1 60 81 1
49 16 1 31 14 1
10 86 1 5 15 1
13 14 1 23 11 1
39 11 1 59 15 1
98 30 1 95 18 1
89 62 1 90 21 1
51 16 1 31 11 1
88 68 1 83 95 1
11 84 1 16 86 1
49 79 1 45 84 1