68 9 1 99 57 1
21 10 1 7 3 1
34 56 1 85 63 1
60 22 1 26 66 1
33 53 1 13 46 1
96 82 1 43 82 1
18 24 1 29 5 1
57 23 1 17 40 1
3 43 1 1 5 1
22 65 1 13 56 1
64 13 1 87 49 1
98 93 1 31 87 1
64 15 1 57 41 1
100 68 1 94 64 1
36 98 1 15 78 1
35 14 1 57 21 1
12 77 1 46 73 1
81 47 1 86 63 1
17 72 1 8 40 1
57 95 1 96 99 1
10 44 1 32 38 1
2 23 1 7 71 1
38 84 1 70 70 1
95 79 1 83 74 1
7 87 1 8 89 1
85 9 1 43 5 1
4 29 1 12 8 1
59 2 1 85 7 1
17 68 1 60 67 1
77 57 1 62 59 1
38 64 1 52 66 1
4 87 1 25 99 1
92 37 1 92 12 1
7 66 1 10 61 1
63 58 1 74 51 1
36 20 1 10 32 1
24 32 1 29 26 1
78 70 1 91 61 1
16 73 1 21 74 1
100 48 1 99 58 1
42 88 1 72 95 1
49 44 1 52 53 1
70 21 1 68 13 1
53 86 1 21 83 1
72 72 1 75 69 1
3 97 1 16 94 1
2 79 1 2 91 1
36 76 1 51 77 1
3 100 1 75 99 1
74 21 1 77 25 1
2 30 1 5 80 1
34 93 1 64 94 1
86 91 1 96 91 1
31 4 1 21 7 1
28 62 1 30 52 1
17 10 1 14 8 1
67 26 1 60 36 1
90 60 1 84 49 1
49 24 1 54 22 1
63 45 1 66 45 1
43 76 1 56 76 1
48 80 1 88 68 1
38 23 1 37 18 1
3 86 1 21 87 1
89 3 1 87 25 1
9 41 1 60 20 1
44 40 1 45 31 1
9 38 1 9 32 1
83 63 1 30 62 1
80 8 1 25 2 1
58 21 1 56 22 1
4 11 1 5 17 1
11 64 1 13 59 1