19 50 1 34 21 1
1 82 1 25 89 1
84 36 1 32 16 1
40 21 1 59 83 1
75 93 1 53 54 1
67 88 1 19 70 1
50 54 1 4 76 1
72 78 1 65 34 1
66 5 1 87 11 1
20 65 1 12 51 1
69 67 1 52 44 1
9 84 1 36 91 1
58 6 1 22 15 1
86 12 1 89 39 1
11 10 1 11 62 1
83 62 1 94 67 1
85 23 1 75 29 1
70 59 1 89 96 1
51 33 1 46 30 1
64 12 1 72 10 1
51 83 1 29 89 1
92 56 1 86 46 1
67 84 1 64 81 1
96 35 1 89 28 1
11 3 1 9 46 1
41 100 1 47 99 1
9 5 1 9 22 1
13 22 1 17 36 1
36 65 1 43 76 1
55 21 1 64 5 1
46 52 1 24 44 1
19 47 1 18 53 1
68 87 1 76 99 1
27 95 1 12 87 1
24 28 1 14 18 1
80 70 1 78 37 1
67 30 1 78 36 1
29 72 1 33 68 1
84 5 1 97 14 1
87 16 1 92 24 1
67 3 1 39 8 1
81 62 1 89 52 1
78 74 1 97 77 1
62 7 1 18 18 1
44 28 1 51 27 1
84 58 1 79 48 1
7 79 1 17 84 1
16 14 1 18 7 1
66 93 1 30 97 1
10 91 1 5 92 1
16 77 1 5 77 1
12 98 1 13 91 1
66 56 1 52 41 1
76 41 1 73 42 1
4 6 1 7 8 1
6 49 1 13 68 1
98 90 1 96 85 1
97 73 1 92 73 1
60 88 1 12 99 1
86 45 1 84 30 1
28 67 1 21 69 1
21 5 1 55 1 1
100 78 1 98 15 1
24 71 1 66 87 1
9 2 1 9 42 1
30 54 1 18 54 1
95 51 1 96 47 1
2 25 1 6 36 1
33 5 1 33 11 1
8 58 1 11 72 1
77 1 1 100 8 1
54 21 1 50 17 1
76 84 1 56 57 1
79 82 1 74 78 1
92 83 1 96 83 1
92 96 1 94 89 1
69 100 1 99 100 1
59 59 1 63 61 1
52 26 1 58 47 1
80 44 1 82 49 1