57 47 1 90 12 1
11 40 1 70 89 1
5 30 1 96 77 1
62 88 1 42 94 1
24 55 1 38 64 1
99 78 1 72 85 1
57 80 1 3 74 1
4 96 1 38 100 1
66 7 1 93 4 1
100 70 1 87 17 1
52 24 1 39 22 1
53 2 1 12 14 1
81 6 1 19 28 1
48 40 1 9 28 1
10 24 1 3 16 1
78 35 1 71 34 1
7 69 1 23 67 1
56 61 1 79 96 1
48 63 1 21 40 1
60 35 1 44 26 1
25 17 1 65 2 1
33 38 1 78 66 1
28 58 1 13 52 1
52 7 1 78 4 1
69 90 1 38 63 1
70 79 1 64 70 1
14 89 1 20 85 1
31 76 1 55 78 1
22 38 1 45 47 1
45 98 1 78 96 1
3 96 1 48 89 1
3 15 1 34 4 1
18 80 1 38 90 1
54 55 1 83 70 1
58 90 1 38 97 1
54 14 1 23 26 1
72 93 1 56 83 1
36 99 1 47 95 1