11 32 1 40 84 1
66 42 1 66 40 1
59 82 1 69 97 1
30 2 1 42 86 1
40 6 1 63 17 1
68 84 1 64 22 1
91 41 1 89 58 1
64 72 1 34 6 1
75 63 1 73 68 1
61 2 1 70 47 1
25 10 1 41 83 1
86 55 1 91 2 1
6 29 1 14 46 1
18 78 1 9 55 1
55 81 1 46 59 1
63 50 1 47 11 1
50 100 1 40 95 1
13 15 1 38 76 1
7 54 1 1 67 1
8 62 1 14 81 1
39 86 1 36 86 1
79 1 1 77 34 1
82 21 1 72 69 1
77 79 1 83 39 1
4 45 1 33 80 1
71 16 1 68 7 1
68 55 1 78 32 1
3 2 1 34 73 1
72 33 1 68 11 1
97 70 1 89 93 1
79 98 1 98 61 1
22 87 1 12 97 1
41 19 1 57 42 1
67 97 1 60 88 1
52 94 1 36 95 1
99 9 1 91 24 1
34 26 1 45 75 1
30 49 1 21 10 1
78 11 1 70 7 1
51 92 1 41 64 1
31 94 1 19 72 1
76 71 1 83 34 1
31 45 1 28 24 1
75 25 1 75 29 1
6 89 1 9 84 1