70 61 1 52 25 1
71 55 1 89 14 1
87 99 1 37 20 1
49 44 1 16 93 1
42 66 1 42 94 1
22 62 1 34 64 1
51 20 1 86 86 1
77 23 1 23 2 1
47 37 1 57 56 1
27 80 1 32 72 1
2 58 1 7 30 1
98 72 1 97 35 1
14 60 1 38 40 1
90 72 1 87 84 1
38 28 1 13 39 1
53 71 1 50 80 1
58 92 1 64 98 1
56 67 1 55 88 1
98 12 1 90 85 1
60 46 1 79 77 1
1 15 1 29 14 1
48 5 1 82 20 1
80 25 1 78 28 1
78 58 1 97 4 1
31 25 1 5 20 1
57 6 1 48 3 1
98 95 1 78 84 1
36 100 1 33 90 1
58 100 1 57 62 1
58 21 1 27 10 1
27 74 1 1 65 1
18 68 1 25 65 1
92 41 1 89 48 1
4 50 1 12 56 1
63 30 1 69 43 1
36 17 1 63 56 1
86 74 1 85 52 1
90 30 1 82 57 1
99 17 1 95 47 1
8 2 1 50 22 1
9 97 1 16 78 1
90 11 1 88 9 1
59 47 1 48 34 1
69 37 1 69 35 1
99 95 1 95 57 1
50 75 1 47 89 1
19 53 1 28 45 1
48 52 1 22 93 1
30 55 1 13 61 1
38 68 1 33 81 1
33 89 1 14 96 1
14 76 1 7 95 1