66 11 1 41 58 1
64 27 1 75 38 1
78 75 1 95 10 1
3 50 1 42 83 1
72 5 1 77 19 1
60 60 1 85 86 1
39 10 1 20 37 1
20 55 1 32 21 1
5 28 1 6 36 1
15 36 1 21 30 1
20 3 1 14 35 1
69 10 1 50 14 1
76 19 1 83 23 1
76 49 1 27 63 1
84 20 1 79 54 1
91 87 1 93 57 1
42 81 1 26 67 1
18 44 1 10 31 1
54 78 1 24 63 1
46 98 1 5 56 1
53 7 1 31 50 1
67 100 1 64 78 1
57 57 1 81 82 1
91 95 1 60 73 1
15 45 1 2 10 1
47 91 1 20 67 1
64 20 1 74 27 1
20 27 1 16 27 1
24 14 1 26 24 1
46 75 1 54 93 1
66 12 1 72 11 1
24 59 1 2 41 1
54 11 1 59 11 1
100 66 1 98 89 1
71 9 1 45 1 1
79 60 1 66 59 1
16 5 1 14 29 1
60 89 1 59 72 1
94 88 1 99 20 1
66 31 1 59 38 1
87 43 1 89 38 1
98 31 1 94 80 1
90 98 1 100 93 1
64 92 1 62 95 1
82 8 1 87 19 1
31 63 1 59 70 1
60 41 1 65 37 1
28 38 1 28 48 1
46 54 1 79 42 1
2 48 1 14 85 1
81 71 1 93 41 1
26 17 1 24 10 1
82 53 1 80 61 1
34 27 1 44 11 1
65 51 1 63 50 1
78 73 1 72 69 1
64 89 1 55 98 1
39 52 1 42 29 1
33 20 1 27 55 1