8 70 1 64 67 1
61 38 1 54 32 1
69 79 1 80 94 1
71 73 1 20 89 1
87 75 1 78 25 1
25 47 1 29 11 1
81 66 1 47 77 1
77 37 1 18 50 1
17 46 1 26 27 1
100 56 1 85 33 1
46 17 1 35 6 1
78 53 1 3 60 1
63 96 1 44 88 1
19 3 1 39 13 1
12 14 1 16 53 1
58 41 1 92 12 1
36 87 1 37 94 1
19 28 1 15 17 1
99 52 1 100 23 1
94 3 1 79 16 1
15 7 1 21 35 1
100 86 1 92 67 1
46 22 1 66 17 1
28 10 1 23 14 1
11 50 1 7 54 1
36 63 1 48 63 1
78 97 1 11 96 1
59 66 1 37 67 1
76 86 1 84 68 1
79 25 1 92 58 1
85 1 1 66 26 1
98 65 1 95 64 1
56 3 1 44 23 1
58 25 1 44 41 1
36 51 1 55 49 1
29 77 1 14 86 1
18 2 1 29 1 1
45 51 1 6 56 1
75 57 1 15 64 1
42 2 1 39 5 1
63 62 1 61 60 1
57 19 1 47 19 1
69 67 1 6 77 1
98 81 1 93 69 1
60 92 1 51 80 1
31 46 1 34 15 1
74 34 1 77 27 1
2 84 1 15 95 1
23 83 1 17 93 1
46 34 1 40 39 1
87 85 1 83 59 1
82 97 1 83 89 1
11 31 1 13 50 1
27 64 1 78 65 1
52 5 1 52 4 1
64 45 1 67 49 1
10 34 1 7 9 1
69 12 1 61 37 1
10 67 1 11 64 1
97 34 1 89 38 1
65 52 1 72 49 1
54 3 1 54 2 1
30 88 1 16 96 1
36 55 1 14 57 1
75 92 1 68 94 1
73 56 1 70 55 1