41 17 1 23 13 1
13 20 1 40 73 1
84 40 1 42 29 1
24 89 1 4 73 1
64 65 1 51 41 1
68 85 1 29 77 1
99 44 1 41 40 1
67 79 1 41 70 1
29 14 1 2 4 1
85 88 1 63 47 1
4 18 1 41 24 1
51 31 1 57 32 1
28 31 1 52 35 1
79 77 1 27 37 1
83 95 1 12 94 1
51 15 1 57 10 1
78 35 1 64 17 1
68 50 1 87 49 1
5 60 1 50 94 1
61 73 1 59 67 1
86 90 1 61 67 1
82 89 1 69 91 1
87 4 1 71 10 1
9 36 1 14 47 1
20 51 1 23 50 1
89 62 1 97 47 1
60 39 1 81 42 1
70 87 1 56 93 1
87 78 1 77 60 1
98 77 1 89 68 1
83 22 1 81 26 1
36 53 1 32 50 1
60 32 1 57 22 1
16 53 1 31 61 1
10 59 1 38 78 1
63 92 1 78 88 1
39 95 1 96 100 1
82 18 1 58 7 1
94 30 1 92 37 1
17 79 1 14 79 1
67 82 1 87 91 1
52 18 1 66 16 1
78 52 1 95 49 1
62 70 1 62 75 1
100 13 1 96 14 1
7 43 1 2 39 1
83 21 1 88 14 1
78 78 1 32 41 1
45 90 1 51 92 1
39 31 1 32 24 1
51 98 1 14 97 1
44 39 1 54 40 1
44 17 1 23 3 1
23 93 1 37 89 1
7 63 1 21 76 1
75 44 1 85 45 1
98 10 1 83 28 1
37 21 1 69 13 1
54 92 1 62 89 1
19 33 1 26 52 1
48 71 1 15 21 1
59 63 1 36 48 1
61 20 1 65 33 1
28 50 1 38 77 1
66 49 1 94 90 1
90 14 1 78 31 1
21 43 1 5 29 1
8 91 1 37 88 1
55 32 1 90 37 1
10 79 1 2 84 1
91 63 1 87 67 1
72 13 1 86 6 1
90 53 1 84 52 1