40 21 1 73 37 1
56 64 1 76 46 1
3 20 1 26 52 1
25 64 1 70 77 1
27 20 1 85 22 1
46 36 1 42 33 1
81 28 1 69 92 1
9 73 1 5 59 1
86 15 1 22 3 1
13 97 1 25 54 1
16 82 1 10 88 1
84 97 1 76 93 1
100 22 1 100 3 1
40 57 1 57 47 1
70 38 1 20 26 1
43 51 1 28 54 1
39 43 1 69 39 1
26 77 1 19 100 1
96 50 1 85 55 1
79 1 1 99 1 1
82 11 1 92 3 1
92 70 1 89 61 1
98 81 1 97 45 1
35 93 1 40 88 1
99 10 1 95 5 1
98 37 1 98 15 1
100 88 1 81 50 1
53 23 1 53 23 1
97 41 1 93 33 1
82 88 1 78 91 1
10 73 1 6 33 1
39 61 1 26 61 1
36 46 1 26 35 1
85 65 1 76 69 1
31 37 1 31 40 1
50 100 1 41 74 1
26 16 1 65 20 1
55 26 1 50 23 1
53 85 1 68 93 1
23 32 1 51 39 1
1 11 1 85 16 1
63 30 1 69 26 1
33 47 1 72 46 1
58 41 1 67 43 1
66 23 1 96 26 1
49 6 1 67 6 1
18 76 1 1 75 1
64 2 1 81 2 1
96 45 1 97 51 1
28 9 1 17 4 1
14 10 1 54 14 1
72 70 1 60 65 1
9 100 1 9 81 1
97 52 1 92 58 1
75 54 1 70 68 1
51 10 1 34 7 1
12 17 1 17 36 1
63 48 1 50 69 1
32 24 1 39 28 1
47 99 1 39 99 1
9 62 1 22 47 1
30 69 1 24 69 1
30 58 1 43 53 1
61 51 1 33 65 1
83 71 1 77 77 1
53 53 1 54 50 1
55 91 1 71 99 1
20 46 1 21 48 1
1 86 1 1 81 1
36 21 1 19 21 1
13 41 1 2 19 1
19 36 1 29 42 1
72 100 1 72 96 1
51 81 1 51 76 1
86 73 1 74 95 1
50 37 1 26 32 1
27 66 1 55 77 1
71 82 1 73 83 1
85 46 1 81 38 1
18 39 1 25 50 1