7 62 1 38 82 1
6 89 1 9 84 1
70 61 1 52 25 1
71 55 1 89 14 1
87 99 1 37 20 1
42 66 1 42 94 1
22 62 1 34 64 1
51 20 1 86 86 1
77 23 1 23 2 1
47 37 1 57 56 1
2 58 1 7 30 1
98 72 1 97 35 1
45 92 1 45 42 1
14 60 1 38 40 1
90 72 1 87 84 1
38 28 1 13 39 1
53 71 1 50 80 1
58 92 1 64 98 1
56 67 1 55 88 1
98 12 1 90 85 1
60 46 1 79 77 1
1 15 1 29 14 1
48 5 1 82 20 1
80 25 1 78 28 1
35 53 1 34 70 1
78 58 1 97 4 1
31 25 1 5 20 1
38 72 1 43 30 1
57 6 1 48 3 1
98 95 1 78 84 1
36 100 1 33 90 1
58 100 1 57 62 1
58 21 1 27 10 1
16 71 1 27 84 1
18 68 1 25 65 1
92 41 1 89 48 1
4 50 1 12 56 1
63 30 1 69 43 1
15 84 1 14 69 1
36 17 1 63 56 1
86 74 1 85 52 1
90 30 1 82 57 1
99 17 1 95 47 1
8 2 1 50 22 1
90 11 1 88 9 1
59 47 1 48 34 1
69 37 1 69 35 1
99 95 1 95 57 1
50 75 1 47 89 1
19 53 1 28 45 1
30 55 1 13 61 1
33 89 1 14 96 1
14 76 1 7 95 1
64 27 1 75 38 1
15 36 1 21 30 1
76 19 1 83 23 1
67 100 1 64 78 1
44 39 1 63 71 1
64 20 1 74 27 1
20 27 1 16 27 1
49 41 1 70 85 1
66 12 1 72 11 1
38 71 1 39 45 1
54 11 1 59 11 1
71 9 1 45 1 1
60 89 1 59 72 1
79 51 1 76 62 1
87 43 1 89 38 1
64 92 1 62 95 1
52 12 1 65 17 1
36 64 1 37 52 1
82 53 1 80 61 1
77 95 1 67 74 1
83 93 1 54 47 1
27 36 1 6 45 1
39 52 1 42 29 1
19 3 1 39 13 1
36 87 1 37 94 1
99 52 1 100 23 1
94 3 1 79 16 1
94 68 1 94 73 1
18 2 1 29 1 1
24 82 1 15 79 1
42 2 1 39 5 1
49 94 1 54 70 1
85 62 1 79 63 1
93 6 1 70 51 1
63 62 1 61 60 1
89 45 1 90 36 1
74 34 1 77 27 1
23 83 1 17 93 1
42 12 1 28 6 1
5 87 1 6 82 1
35 13 1 56 22 1