91 57 1 14 50 1
49 43 1 40 45 1
76 45 1 1 26 1
12 77 1 48 61 1
38 21 1 4 23 1
71 54 1 38 50 1
63 74 1 59 89 1
89 21 1 97 93 1
3 19 1 84 18 1
34 40 1 67 43 1
76 88 1 89 95 1
20 88 1 25 82 1
57 96 1 35 83 1
33 17 1 17 5 1
79 85 1 68 69 1
82 1 1 89 45 1
38 57 1 38 62 1
70 38 1 38 35 1
55 34 1 15 27 1
67 55 1 32 85 1
86 53 1 61 21 1
21 32 1 3 77 1
97 75 1 99 62 1
98 42 1 96 46 1
44 26 1 40 31 1
82 28 1 81 45 1
99 33 1 99 19 1
85 87 1 96 88 1
25 55 1 22 67 1
17 97 1 10 92 1
63 21 1 78 34 1
17 70 1 22 55 1
50 15 1 33 4 1
30 15 1 14 7 1
51 26 1 24 25 1
68 94 1 64 58 1
54 62 1 16 80 1
15 63 1 10 78 1