80 28 1 58 93 1
91 89 1 80 97 1
97 29 1 89 14 1
79 7 1 1 31 1
81 95 1 17 91 1
5 22 1 48 5 1
60 61 1 15 77 1
80 4 1 76 39 1
42 37 1 32 45 1
25 1 1 28 5 1
81 86 1 82 83 1
71 43 1 15 54 1
3 70 1 18 59 1
14 40 1 22 32 1
81 4 1 98 83 1
58 92 1 67 44 1
100 97 1 82 66 1
76 67 1 72 55 1
67 89 1 74 94 1
94 78 1 90 71 1
11 33 1 57 23 1
60 91 1 74 69 1
6 1 1 19 8 1
8 67 1 44 63 1
59 15 1 74 38 1
55 8 1 95 1 1
16 46 1 32 35 1
73 85 1 78 81 1
75 29 1 70 10 1
99 90 1 85 65 1
59 75 1 32 74 1
79 46 1 79 80 1
83 26 1 80 70 1
6 93 1 6 77 1
40 55 1 50 58 1
53 55 1 52 63 1
75 38 1 70 16 1
70 72 1 68 65 1
17 99 1 25 94 1
59 27 1 10 53 1
13 45 1 1 64 1
32 52 1 6 63 1
23 76 1 44 77 1
74 5 1 23 18 1
37 78 1 25 80 1