48 94 1 100 17 1
76 18 1 19 15 1
80 11 1 79 22 1
39 26 1 48 33 1
31 19 1 49 50 1
30 81 1 73 18 1
17 100 1 7 100 1
22 89 1 34 32 1
11 71 1 9 90 1
88 7 1 81 34 1
13 37 1 15 59 1
12 12 1 63 13 1
31 65 1 45 58 1
42 97 1 29 90 1
32 24 1 24 38 1
63 9 1 79 2 1
15 57 1 20 68 1
55 17 1 46 27 1
51 78 1 86 11 1
54 100 1 71 72 1
72 68 1 54 99 1
90 88 1 82 47 1
24 65 1 19 22 1
22 33 1 29 27 1
29 26 1 25 19 1
91 17 1 86 23 1
7 53 1 19 20 1
54 36 1 51 49 1
7 58 1 17 72 1
60 71 1 48 91 1
59 45 1 35 84 1
32 91 1 53 81 1
79 96 1 82 52 1
2 3 1 13 24 1
58 5 1 53 1 1
53 87 1 51 95 1
90 24 1 55 80 1
72 96 1 79 88 1
65 97 1 68 79 1
21 5 1 56 6 1
85 95 1 89 95 1
4 40 1 2 34 1
49 90 1 47 93 1
89 7 1 85 28 1
67 43 1 75 32 1
26 75 1 35 73 1
49 99 1 61 82 1
48 35 1 38 31 1
45 27 1 34 22 1
61 7 1 64 14 1
88 56 1 89 36 1
28 70 1 34 66 1
45 74 1 51 72 1
32 36 1 33 28 1
76 72 1 73 76 1
24 71 1 17 37 1
98 28 1 100 98 1
74 68 1 75 65 1
58 23 1 54 19 1