41 16 1 86 1 1
57 81 1 4 38 1
67 40 1 58 30 1
74 93 1 98 3 1
71 65 1 53 36 1
72 96 1 79 88 1
57 21 1 21 32 1
65 97 1 68 79 1
53 21 1 41 24 1
21 5 1 56 6 1
90 97 1 79 81 1
94 15 1 3 17 1
91 99 1 25 96 1
12 35 1 88 21 1
4 40 1 2 34 1
49 90 1 47 93 1
3 7 1 19 14 1
19 35 1 44 61 1
67 43 1 75 32 1
54 60 1 75 68 1
26 75 1 35 73 1
100 17 1 92 99 1
21 59 1 19 70 1
48 35 1 38 31 1
7 44 1 56 81 1
8 72 1 38 92 1
75 55 1 58 41 1
74 83 1 67 72 1
26 36 1 39 49 1
59 18 1 5 33 1
28 70 1 34 66 1
88 25 1 83 40 1
51 63 1 50 34 1
1 84 1 48 96 1
7 25 1 22 28 1
76 72 1 73 76 1
78 66 1 74 48 1
9 22 1 25 25 1
64 80 1 66 86 1
81 47 1 87 31 1
28 18 1 68 17 1
56 1 1 12 5 1
16 88 1 28 99 1
38 99 1 73 99 1
7 37 1 33 32 1
94 59 1 83 65 1
38 79 1 24 78 1
80 42 1 77 38 1
16 47 1 30 58 1
100 64 1 99 95 1
83 44 1 90 32 1
87 85 1 85 80 1
86 79 1 90 85 1
19 16 1 1 16 1
85 32 1 76 36 1
40 82 1 21 79 1
20 45 1 37 63 1
98 36 1 88 60 1
7 50 1 9 63 1
24 84 1 28 88 1
49 86 1 57 86 1
44 35 1 40 33 1
7 98 1 1 100 1
39 89 1 39 86 1
80 82 1 86 67 1
54 76 1 49 56 1