33 5 1 78 72 1
79 85 1 98 27 1
2 10 1 39 2 1
45 33 1 8 93 1
79 22 1 71 22 1
57 72 1 41 19 1
55 93 1 57 97 1
16 66 1 34 7 1
94 32 1 88 32 1
61 40 1 79 48 1
70 99 1 65 64 1
9 84 1 16 37 1
72 90 1 99 84 1
57 22 1 58 37 1
55 14 1 63 10 1
62 14 1 98 11 1
47 85 1 33 55 1
77 20 1 59 24 1
8 75 1 5 24 1
48 74 1 66 84 1
100 36 1 100 17 1
84 2 1 52 4 1
43 27 1 33 11 1
92 11 1 50 6 1
37 83 1 27 97 1
8 82 1 7 82 1
81 89 1 91 89 1
75 63 1 83 61 1
67 37 1 71 23 1
8 57 1 10 35 1
55 34 1 63 45 1
55 84 1 30 97 1
77 24 1 86 48 1
3 21 1 29 20 1
57 44 1 65 80 1
66 18 1 43 12 1
1 31 1 5 36 1
19 28 1 15 27 1
37 52 1 39 43 1
38 6 1 97 5 1
94 17 1 100 11 1
83 27 1 77 18 1
84 55 1 81 38 1
29 79 1 45 86 1
87 77 1 85 76 1
53 70 1 46 39 1
39 40 1 27 45 1
91 42 1 94 38 1
74 32 1 73 41 1
15 20 1 29 12 1
7 94 1 19 99 1
75 78 1 76 74 1
39 60 1 51 80 1
85 82 1 100 68 1
13 17 1 2 13 1
32 49 1 9 86 1
81 92 1 87 93 1
45 31 1 48 35 1
33 16 1 29 41 1
100 46 1 93 46 1
89 26 1 77 13 1
47 47 1 47 68 1
15 66 1 22 24 1
61 19 1 50 26 1
87 56 1 85 55 1
63 37 1 72 41 1
89 67 1 92 58 1
30 21 1 24 50 1
11 25 1 8 62 1
18 44 1 8 90 1
89 27 1 92 27 1
84 73 1 93 54 1
85 30 1 91 30 1