76 58 1 68 23 1
39 89 1 8 32 1
4 95 1 34 87 1
1 27 1 4 79 1
41 58 1 16 43 1
58 51 1 85 78 1
68 29 1 37 50 1
91 63 1 90 72 1
98 39 1 80 36 1
74 15 1 87 10 1
57 4 1 73 31 1
38 21 1 47 30 1
98 16 1 99 11 1
13 34 1 32 14 1
93 87 1 80 47 1
89 9 1 83 32 1
89 93 1 47 61 1
7 93 1 5 49 1
49 85 1 63 99 1
14 1 1 65 20 1
39 93 1 29 77 1
38 12 1 18 29 1
29 95 1 51 99 1
46 32 1 36 20 1
89 43 1 77 43 1
77 16 1 74 24 1
49 37 1 25 25 1
85 2 1 100 10 1
77 63 1 90 85 1
55 75 1 84 96 1
75 76 1 53 49 1
23 65 1 11 75 1
51 94 1 35 68 1
73 9 1 80 6 1
4 4 1 7 60 1
50 10 1 29 3 1
39 72 1 39 72 1
13 68 1 9 70 1
35 1 1 88 2 1
89 58 1 94 60 1
29 30 1 22 43 1
20 44 1 25 45 1
72 58 1 62 38 1
47 54 1 45 81 1
50 44 1 49 43 1
82 56 1 70 62 1
9 73 1 7 13 1
72 24 1 71 6 1
52 38 1 41 32 1
50 74 1 53 81 1
37 17 1 53 21 1
21 13 1 25 14 1
42 79 1 50 88 1
58 80 1 63 92 1
54 5 1 58 8 1
62 41 1 55 48 1
99 45 1 95 48 1
1 17 1 3 33 1
4 27 1 3 23 1
32 24 1 35 23 1
82 39 1 79 38 1
84 57 1 93 40 1
100 29 1 88 37 1
96 98 1 63 77 1
50 46 1 61 39 1
44 84 1 37 75 1
85 52 1 88 48 1
71 99 1 78 95 1
83 34 1 81 22 1
99 85 1 92 49 1
13 2 1 17 21 1
91 79 1 100 94 1
17 90 1 24 69 1
42 69 1 46 60 1
93 31 1 95 24 1
51 74 1 65 76 1
61 3 1 38 5 1
31 35 1 42 41 1
18 48 1 22 54 1
15 26 1 18 21 1