32 24 1 39 28 1
48 95 1 34 41 1
39 34 1 59 50 1
54 19 1 93 77 1
51 32 1 82 87 1
16 3 1 24 81 1
31 11 1 22 34 1
51 55 1 74 94 1
36 28 1 20 36 1
53 35 1 59 35 1
16 10 1 19 84 1
15 65 1 20 91 1
47 99 1 39 99 1
82 40 1 89 1 1
25 83 1 26 41 1
10 19 1 7 57 1
23 85 1 18 30 1
100 41 1 94 99 1
80 26 1 51 6 1
80 71 1 75 58 1
39 11 1 19 5 1
63 66 1 60 51 1
83 71 1 77 77 1
35 52 1 31 100 1
53 53 1 54 50 1
55 91 1 71 99 1
14 18 1 1 95 1
87 54 1 61 14 1
63 34 1 90 79 1
39 6 1 60 28 1
1 86 1 1 81 1
59 44 1 71 66 1
72 100 1 72 96 1
48 65 1 48 51 1
62 74 1 48 80 1
88 65 1 90 62 1
29 47 1 30 83 1
26 76 1 25 99 1
94 31 1 93 23 1
46 23 1 48 28 1
82 43 1 81 21 1
59 71 1 52 58 1
25 75 1 25 42 1
42 27 1 53 41 1
49 3 1 88 68 1
75 78 1 53 36 1
58 39 1 79 74 1
98 36 1 88 9 1
15 40 1 7 77 1
41 50 1 44 69 1
24 65 1 19 32 1
46 79 1 44 55 1
92 56 1 82 46 1
71 82 1 73 83 1
95 79 1 96 38 1
87 36 1 85 46 1
67 10 1 78 1 1
17 95 1 24 94 1
6 11 1 7 37 1
15 17 1 12 46 1
61 7 1 68 6 1
26 90 1 26 85 1
72 1 1 64 13 1
37 75 1 32 98 1
15 89 1 12 94 1
75 18 1 81 2 1
14 58 1 14 54 1
4 20 1 3 57 1
99 84 1 100 98 1
50 25 1 31 9 1
49 43 1 40 45 1
76 88 1 89 95 1
41 32 1 57 46 1
79 85 1 68 69 1
38 57 1 38 62 1
86 53 1 61 21 1
97 75 1 99 62 1
98 42 1 96 46 1
99 33 1 99 19 1
33 3 1 57 31 1
15 63 1 10 78 1
25 1 1 28 5 1
76 67 1 72 55 1
94 78 1 90 71 1
30 15 1 48 31 1
33 2 1 60 34 1
6 93 1 6 77 1