54 2 1 91 7 1
31 91 1 4 69 1
27 18 1 72 40 1
40 55 1 50 58 1
24 25 1 90 50 1
49 69 1 23 60 1
53 55 1 52 63 1
70 88 1 41 61 1
69 25 1 13 11 1
53 82 1 66 92 1
89 42 1 87 11 1
2 71 1 10 89 1
37 93 1 42 76 1
75 38 1 70 16 1
11 6 1 54 15 1
70 72 1 68 65 1
49 67 1 92 51 1
14 54 1 62 46 1
31 72 1 65 84 1
17 99 1 25 94 1
93 52 1 77 80 1
22 35 1 63 44 1
4 68 1 28 65 1
8 9 1 51 17 1
21 60 1 1 69 1
92 46 1 79 38 1
13 45 1 1 64 1
100 55 1 81 79 1
42 96 1 93 96 1
32 52 1 6 63 1
26 32 1 10 15 1
79 65 1 75 71 1
90 75 1 96 83 1
37 78 1 25 80 1
26 7 1 6 1 1
23 45 1 15 44 1
97 53 1 89 49 1
6 11 1 8 38 1
64 20 1 69 16 1
49 81 1 51 83 1
29 96 1 92 95 1
4 41 1 62 45 1
62 72 1 73 78 1
58 97 1 97 99 1
76 17 1 84 28 1
73 16 1 21 3 1
55 65 1 75 59 1
23 40 1 15 23 1
69 14 1 29 1 1
70 32 1 73 38 1
62 40 1 44 33 1
85 34 1 80 26 1
85 56 1 76 73 1
89 27 1 94 30 1
59 77 1 54 69 1
45 72 1 43 69 1
86 41 1 82 12 1
30 50 1 64 45 1
11 97 1 7 100 1
98 100 1 13 99 1
69 53 1 79 52 1
67 51 1 55 60 1
72 7 1 51 8 1
67 83 1 77 94 1
26 86 1 31 87 1
35 20 1 54 22 1
10 48 1 9 47 1
64 77 1 95 90 1
88 10 1 49 2 1
25 59 1 23 56 1
5 19 1 6 18 1
7 99 1 4 78 1
14 19 1 46 33 1
61 91 1 53 91 1
85 50 1 87 51 1
79 50 1 56 40 1
39 50 1 25 58 1
26 50 1 27 48 1
39 26 1 48 33 1
2 70 1 15 99 1
17 18 1 34 22 1
36 51 1 10 56 1
2 3 1 13 24 1
94 49 1 56 30 1
88 35 1 88 34 1
53 87 1 51 95 1
91 99 1 25 96 1
85 95 1 89 95 1
4 40 1 2 34 1
49 90 1 47 93 1
80 82 1 57 67 1
48 35 1 38 31 1
28 70 1 31 78 1
45 74 1 51 72 1