21 91 1 34 62 1
96 43 1 9 26 1
45 77 1 43 59 1
9 17 1 56 12 1
15 72 1 8 86 1
82 7 1 59 25 1
38 91 1 54 94 1
54 93 1 88 47 1
66 45 1 57 51 1
50 92 1 52 64 1
75 34 1 79 14 1
69 96 1 92 81 1
25 58 1 50 49 1
43 76 1 42 59 1
7 63 1 24 49 1
28 11 1 24 4 1
92 79 1 52 95 1
20 68 1 20 93 1
32 3 1 77 6 1
27 87 1 50 79 1
34 37 1 7 88 1
58 6 1 66 6 1
92 20 1 80 28 1
42 36 1 11 31 1
71 73 1 97 76 1
90 44 1 77 55 1
46 62 1 65 66 1
71 1 1 96 7 1
98 58 1 97 42 1
99 97 1 2 96 1
51 2 1 45 2 1
94 40 1 71 36 1
63 34 1 47 33 1
29 21 1 55 21 1
34 58 1 36 71 1
73 40 1 63 49 1
18 50 1 1 68 1
50 23 1 26 24 1
67 61 1 39 39 1
75 32 1 74 35 1
49 79 1 49 64 1
53 70 1 71 67 1
80 23 1 83 24 1
38 18 1 45 16 1
71 29 1 55 32 1
97 68 1 90 57 1
100 41 1 100 88 1
23 65 1 31 56 1
57 86 1 55 88 1
33 82 1 39 79 1
99 37 1 98 14 1
77 12 1 95 9 1
99 2 1 91 35 1
63 24 1 77 15 1
78 56 1 69 55 1
12 28 1 1 26 1
11 70 1 32 38 1
94 6 1 82 2 1
84 53 1 84 70 1
24 35 1 5 57 1
98 43 1 100 39 1
81 80 1 86 75 1
36 88 1 25 90 1
95 100 1 20 100 1
8 89 1 15 84 1
60 30 1 43 24 1
47 27 1 36 27 1
34 11 1 26 13 1
19 30 1 82 41 1
57 28 1 61 13 1
68 25 1 70 24 1
61 89 1 91 77 1
18 65 1 2 94 1
32 54 1 30 49 1
60 42 1 54 50 1
38 44 1 37 36 1
15 27 1 8 21 1
36 7 1 31 11 1
96 77 1 84 85 1
21 15 1 20 1 1
78 87 1 74 92 1
71 8 1 53 7 1
64 63 1 73 60 1
87 25 1 88 38 1
60 13 1 1 21 1
22 97 1 91 99 1
15 1 1 15 7 1
12 34 1 8 45 1
42 58 1 52 59 1
63 2 1 90 9 1
95 96 1 99 71 1
88 94 1 82 91 1
39 72 1 44 81 1
91 96 1 96 87 1
47 84 1 17 96 1
98 9 1 100 20 1
24 87 1 30 88 1
11 32 1 16 41 1
87 90 1 97 79 1
68 90 1 58 95 1
7 13 1 3 12 1