12 31 1 12 48 1
71 94 1 94 50 1
28 30 1 73 6 1
20 55 1 50 57 1
53 49 1 23 35 1
66 23 1 60 46 1
8 52 1 29 42 1
84 49 1 96 11 1
83 86 1 83 89 1
9 65 1 71 91 1
94 55 1 98 33 1
4 81 1 4 54 1
32 30 1 59 25 1
72 42 1 84 1 1
68 2 1 8 10 1
60 69 1 73 38 1
89 15 1 74 55 1
69 27 1 56 59 1
55 22 1 61 13 1
70 99 1 6 97 1
40 13 1 26 23 1
20 32 1 74 3 1
40 31 1 48 42 1
3 18 1 2 44 1
27 15 1 15 14 1
78 2 1 47 79 1
34 78 1 42 88 1
98 56 1 99 43 1
46 44 1 29 31 1
3 58 1 9 32 1
36 92 1 54 93 1
20 20 1 18 37 1
88 33 1 62 79 1
53 6 1 68 5 1
67 83 1 75 74 1
55 62 1 59 83 1
84 58 1 90 34 1
48 9 1 29 17 1