60 14 1 36 52 1
97 23 1 70 40 1
45 48 1 69 31 1
78 17 1 99 19 1
22 43 1 30 13 1
64 71 1 19 65 1
54 77 1 14 94 1
82 23 1 69 14 1
21 14 1 75 3 1
92 98 1 55 93 1
80 72 1 20 70 1
44 34 1 29 64 1
15 33 1 19 45 1
69 79 1 40 75 1
17 57 1 14 87 1
77 45 1 93 39 1
86 16 1 92 6 1
21 44 1 17 30 1
42 91 1 89 80 1
20 69 1 19 91 1
62 16 1 56 34 1
59 34 1 67 12 1
22 60 1 36 45 1
100 16 1 99 55 1
2 83 1 6 78 1
62 49 1 75 71 1
19 50 1 7 28 1
9 5 1 47 4 1
1 23 1 6 28 1
51 1 1 30 4 1
45 5 1 16 8 1
95 4 1 41 11 1
10 95 1 48 91 1
52 51 1 90 26 1
76 76 1 74 75 1
62 15 1 47 37 1
91 58 1 68 58 1
80 86 1 86 83 1
27 7 1 7 22 1
95 87 1 95 58 1
69 73 1 93 74 1
51 15 1 75 9 1
21 84 1 25 72 1
35 86 1 56 85 1
98 22 1 99 39 1