96 53 1 78 25 1
49 92 1 43 94 1
97 48 1 89 19 1
70 44 1 6 34 1
61 40 1 38 8 1
33 98 1 66 51 1
79 12 1 81 17 1
22 66 1 19 81 1
47 88 1 52 88 1
34 6 1 79 11 1
33 72 1 53 58 1
11 78 1 32 96 1
24 57 1 1 84 1
20 20 1 15 6 1
58 29 1 97 62 1
69 80 1 78 55 1
87 66 1 80 65 1
27 25 1 33 31 1
13 56 1 2 63 1
73 68 1 48 99 1
27 61 1 24 56 1
35 43 1 29 51 1
65 44 1 15 57 1
80 97 1 86 97 1
47 56 1 29 55 1
78 91 1 95 66 1
54 100 1 59 100 1
13 25 1 26 16 1
3 50 1 6 20 1
85 7 1 47 4 1
81 74 1 78 53 1
42 66 1 24 85 1
8 31 1 14 15 1
66 45 1 57 51 1
75 34 1 79 14 1
7 63 1 24 49 1
28 11 1 24 4 1
66 89 1 75 92 1
58 6 1 66 6 1
77 71 1 70 90 1
42 36 1 11 31 1
71 1 1 96 7 1
98 58 1 97 42 1
51 2 1 45 2 1
95 98 1 99 83 1
77 40 1 67 27 1
21 43 1 30 45 1
46 90 1 31 100 1
69 46 1 85 57 1
32 5 1 33 27 1
9 69 1 2 65 1
36 33 1 43 25 1