83 75 1 27 53 1
70 29 1 88 81 1
27 83 1 52 100 1
17 16 1 3 57 1
80 5 1 28 36 1
67 61 1 39 39 1
27 10 1 18 38 1
49 22 1 56 3 1
75 32 1 74 35 1
39 5 1 41 28 1
96 2 1 81 13 1
37 75 1 13 50 1
60 44 1 70 54 1
3 99 1 23 90 1
44 28 1 24 53 1
49 79 1 49 64 1
80 26 1 89 28 1
80 23 1 83 24 1
16 73 1 52 93 1
87 59 1 90 38 1
94 29 1 81 41 1
93 58 1 96 20 1
92 1 1 46 42 1
97 68 1 90 57 1
13 71 1 73 98 1
23 76 1 50 90 1
100 41 1 100 88 1
78 58 1 86 77 1
19 70 1 15 59 1
65 76 1 82 79 1
57 86 1 55 88 1
99 37 1 98 14 1
91 88 1 85 81 1
85 93 1 75 86 1
77 70 1 52 43 1
78 56 1 69 55 1
12 28 1 1 26 1
53 71 1 78 98 1
82 51 1 98 87 1
24 35 1 5 57 1
25 6 1 28 9 1
4 93 1 14 75 1
98 43 1 100 39 1
52 88 1 29 75 1
17 96 1 35 98 1
8 89 1 15 84 1
96 86 1 82 59 1
8 65 1 14 73 1
26 56 1 67 70 1
61 31 1 50 40 1
37 42 1 52 51 1
42 99 1 16 81 1
56 38 1 72 36 1
45 35 1 69 16 1
68 25 1 70 24 1
12 46 1 20 6 1
32 54 1 30 49 1
52 19 1 84 1 1
77 65 1 90 85 1