82 43 1 44 86 1
25 33 1 2 41 1
26 99 1 88 22 1
13 89 1 52 66 1
37 51 1 89 5 1
95 12 1 85 54 1
32 25 1 94 3 1
61 91 1 92 94 1
30 50 1 50 32 1
41 100 1 87 74 1
62 49 1 38 67 1
27 10 1 85 3 1
10 8 1 30 36 1
35 76 1 20 82 1
60 42 1 54 50 1
73 77 1 97 69 1
84 88 1 80 80 1
15 27 1 8 21 1
10 68 1 60 18 1
89 21 1 42 82 1
8 63 1 11 44 1
50 94 1 75 58 1
81 26 1 7 93 1
45 58 1 62 35 1
2 93 1 39 44 1
96 77 1 84 85 1
21 15 1 20 1 1
78 87 1 74 92 1
26 27 1 86 3 1
40 46 1 69 22 1
67 10 1 22 17 1
71 8 1 53 7 1
49 54 1 88 8 1
50 16 1 27 24 1
97 34 1 100 3 1
1 28 1 1 14 1
38 35 1 34 36 1
36 47 1 11 73 1
11 82 1 64 15 1
87 25 1 88 38 1
98 1 1 97 16 1
15 62 1 52 21 1
47 40 1 77 12 1
15 1 1 15 7 1
47 46 1 52 41 1
5 65 1 10 44 1
95 96 1 99 71 1
95 39 1 89 40 1
96 39 1 87 58 1
91 96 1 96 87 1
77 64 1 55 91 1
66 51 1 84 35 1
89 56 1 82 71 1
64 29 1 4 93 1
15 73 1 2 84 1
24 87 1 30 88 1
81 42 1 56 69 1
87 90 1 97 79 1
7 13 1 3 12 1
33 8 1 53 1 1
20 36 1 16 56 1
96 6 1 79 29 1
3 49 1 6 47 1
80 45 1 35 95 1
3 24 1 6 39 1
30 5 1 25 6 1