24 68 1 32 4 1
76 16 1 93 36 1
75 98 1 55 35 1
81 34 1 90 79 1
20 87 1 7 98 1
26 88 1 9 24 1
51 96 1 52 72 1
73 64 1 86 92 1
10 43 1 18 87 1
26 66 1 74 13 1
73 5 1 81 59 1
22 43 1 26 39 1
54 32 1 31 51 1
82 72 1 58 41 1
42 78 1 44 81 1
60 65 1 52 82 1
10 98 1 25 93 1
3 18 1 7 78 1
74 43 1 65 33 1
27 99 1 53 54 1
44 33 1 51 17 1
77 54 1 94 93 1
14 27 1 3 12 1
27 89 1 15 16 1
1 68 1 2 11 1
62 51 1 84 75 1
32 75 1 48 60 1
60 62 1 52 39 1
86 35 1 92 63 1
4 44 1 2 33 1
58 56 1 52 38 1
52 33 1 52 19 1
37 33 1 36 45 1
62 46 1 73 49 1
97 13 1 96 17 1
84 17 1 81 18 1
77 26 1 81 41 1
38 8 1 61 15 1
50 18 1 35 30 1
42 49 1 34 60 1
37 6 1 38 9 1
37 66 1 32 65 1
71 92 1 55 41 1
67 70 1 81 85 1
90 9 1 98 4 1
37 1 1 52 6 1
96 81 1 99 82 1
38 59 1 46 53 1
95 85 1 94 55 1
22 19 1 17 3 1
32 77 1 38 73 1
7 48 1 2 10 1
59 66 1 55 74 1
90 88 1 90 87 1
53 69 1 48 65 1
96 34 1 84 22 1
56 99 1 36 88 1
9 30 1 16 59 1
52 97 1 47 97 1
82 19 1 97 8 1
35 46 1 34 29 1
14 9 1 20 32 1
48 70 1 47 71 1
68 7 1 51 8 1
14 60 1 19 84 1
26 33 1 25 38 1
38 80 1 28 99 1
47 33 1 54 13 1
32 49 1 32 9 1
6 76 1 3 62 1
60 63 1 73 100 1
60 93 1 65 85 1
99 41 1 93 55 1