52 36 1 96 78 1
15 89 1 7 43 1
75 87 1 69 72 1
80 26 1 93 41 1
34 1 1 62 45 1
77 9 1 92 9 1
26 23 1 35 7 1
66 83 1 37 47 1
26 49 1 17 49 1
77 23 1 71 8 1
6 22 1 15 46 1
95 44 1 94 38 1
26 77 1 37 31 1
93 21 1 83 16 1
62 43 1 86 20 1
66 27 1 55 20 1
80 93 1 45 78 1
30 95 1 13 35 1
42 40 1 48 59 1
51 80 1 34 50 1
21 96 1 13 64 1
93 86 1 67 60 1
41 81 1 31 95 1
8 43 1 6 30 1
5 69 1 3 72 1
53 77 1 39 55 1
35 72 1 31 90 1
27 92 1 17 77 1
31 18 1 34 28 1
76 31 1 77 37 1
21 82 1 11 53 1
23 84 1 1 10 1
81 79 1 81 88 1
26 27 1 18 21 1
19 36 1 25 32 1
18 89 1 10 50 1
83 36 1 98 82 1
49 96 1 41 68 1
58 91 1 79 96 1
31 46 1 25 51 1
89 68 1 72 47 1
86 81 1 73 75 1
38 22 1 48 58 1
80 97 1 86 98 1
71 100 1 90 91 1
2 2 1 25 26 1
40 40 1 37 16 1
39 7 1 75 1 1
17 26 1 27 28 1
46 37 1 55 45 1
37 60 1 33 77 1
14 19 1 5 11 1
41 44 1 37 45 1
4 43 1 14 93 1
92 54 1 90 41 1
100 11 1 100 78 1
16 53 1 15 43 1
53 73 1 53 72 1
43 26 1 46 33 1
5 98 1 28 100 1
43 91 1 43 100 1
53 12 1 62 12 1
59 48 1 64 74 1
85 92 1 76 91 1
14 98 1 6 68 1
71 14 1 67 24 1
59 92 1 61 100 1
8 73 1 1 46 1
71 35 1 71 46 1
80 90 1 76 79 1
61 32 1 73 31 1
53 56 1 57 49 1
64 88 1 53 91 1
83 52 1 79 52 1
56 78 1 38 49 1
95 46 1 97 41 1
4 90 1 4 93 1
51 27 1 53 8 1
6 1 1 4 1 1
43 79 1 43 84 1