95 79 1 68 32 1
36 34 1 41 17 1
18 37 1 49 63 1
63 99 1 40 67 1
36 44 1 46 53 1
61 81 1 3 41 1
82 43 1 93 27 1
91 21 1 77 43 1
20 17 1 46 11 1
45 92 1 13 59 1
30 77 1 1 98 1
47 9 1 76 55 1
89 27 1 92 27 1
65 77 1 12 26 1
29 37 1 83 96 1
78 27 1 60 19 1
78 78 1 76 62 1
1 27 1 4 79 1
41 58 1 16 43 1
52 93 1 14 90 1
4 33 1 14 35 1
74 15 1 87 10 1
98 16 1 99 11 1
78 69 1 88 83 1
89 9 1 83 32 1
87 70 1 39 24 1
7 93 1 5 49 1
29 95 1 51 99 1
69 15 1 65 19 1
57 36 1 77 59 1
74 64 1 66 59 1
20 89 1 36 91 1
77 16 1 74 24 1
5 10 1 41 11 1
85 2 1 100 10 1
99 57 1 94 16 1
77 63 1 90 85 1
75 76 1 53 49 1
73 9 1 80 6 1
30 35 1 28 25 1
40 32 1 52 60 1
39 72 1 39 72 1
68 39 1 46 4 1
71 30 1 73 26 1
39 27 1 91 96 1
13 68 1 9 70 1
35 1 1 88 2 1
94 97 1 88 67 1
28 38 1 17 17 1
17 62 1 42 81 1
89 58 1 94 60 1
43 20 1 81 63 1
81 11 1 50 4 1
60 38 1 53 29 1
52 86 1 54 92 1
66 27 1 97 80 1
20 44 1 25 45 1
93 36 1 100 78 1
70 15 1 55 9 1
50 44 1 49 43 1
28 37 1 58 69 1
9 12 1 1 21 1
3 33 1 45 67 1
50 74 1 53 81 1
21 13 1 25 14 1
59 34 1 43 5 1
42 79 1 50 88 1
58 80 1 63 92 1
54 5 1 58 8 1
4 27 1 3 23 1
31 25 1 23 23 1
34 70 1 51 92 1
76 47 1 64 25 1
32 24 1 35 23 1
64 37 1 61 39 1
84 57 1 93 40 1
59 94 1 17 93 1
85 52 1 88 48 1
71 99 1 78 95 1
22 35 1 9 13 1
24 1 1 45 9 1
99 85 1 92 49 1
11 70 1 21 79 1
49 72 1 8 44 1
50 58 1 32 32 1
46 24 1 84 67 1
67 62 1 56 41 1