51 11 1 94 81 1
6 5 1 42 53 1
81 63 1 40 45 1
28 89 1 26 33 1
66 8 1 15 2 1
44 86 1 59 60 1
46 20 1 67 40 1
66 86 1 57 82 1
5 73 1 27 95 1
81 9 1 96 2 1
88 26 1 99 66 1
91 79 1 100 94 1
77 64 1 76 72 1
56 11 1 99 76 1
21 66 1 17 82 1
44 95 1 55 69 1
52 7 1 68 35 1
36 50 1 30 97 1
25 41 1 5 6 1
74 68 1 70 62 1
42 69 1 46 60 1
78 71 1 89 93 1
40 60 1 31 92 1
88 55 1 75 9 1
93 31 1 95 24 1
26 26 1 17 7 1
99 8 1 99 12 1
24 50 1 24 72 1
64 79 1 65 83 1
48 29 1 43 43 1
42 97 1 80 100 1
39 13 1 62 43 1
15 97 1 51 98 1
9 81 1 2 91 1
22 91 1 10 91 1
31 35 1 42 41 1
18 48 1 22 54 1
51 15 1 38 7 1
89 40 1 98 65 1
56 28 1 66 39 1
2 6 1 1 48 1
48 92 1 92 96 1
10 43 1 22 55 1
48 45 1 64 49 1
74 60 1 75 64 1
2 71 1 7 44 1
98 23 1 94 10 1
47 63 1 36 94 1
33 9 1 46 25 1
42 54 1 70 63 1
3 39 1 4 26 1
85 32 1 93 60 1
23 44 1 15 29 1
74 73 1 77 72 1
3 2 1 6 25 1
100 98 1 89 89 1
75 1 1 86 40 1
84 46 1 78 21 1
75 2 1 66 24 1
37 78 1 45 60 1
83 86 1 83 89 1
53 86 1 60 64 1
3 68 1 15 54 1
44 53 1 69 62 1
70 79 1 71 92 1
55 61 1 44 84 1
62 51 1 56 52 1
37 26 1 24 9 1
3 18 1 2 44 1
98 56 1 99 43 1
3 58 1 9 32 1
53 6 1 68 5 1
64 38 1 67 52 1
92 98 1 55 93 1
48 27 1 55 46 1
15 33 1 19 45 1
86 16 1 92 6 1
100 16 1 99 55 1
2 83 1 6 78 1
19 50 1 7 28 1
76 76 1 74 75 1
21 84 1 25 72 1
98 22 1 99 39 1
97 48 1 89 19 1
79 12 1 81 17 1
22 66 1 19 81 1
47 88 1 52 88 1
20 20 1 15 6 1
27 25 1 33 31 1
66 80 1 69 71 1
54 100 1 59 100 1
42 90 1 56 59 1
28 38 1 28 84 1
28 87 1 32 76 1