99 32 1 95 67 1
20 42 1 95 11 1
89 28 1 29 65 1
3 19 1 98 3 1
80 44 1 73 40 1
33 61 1 6 86 1
96 92 1 93 59 1
59 60 1 47 93 1
87 72 1 90 74 1
39 67 1 17 85 1
24 17 1 13 27 1
38 2 1 25 5 1
11 57 1 6 35 1
49 82 1 40 78 1
80 73 1 53 77 1
21 61 1 74 33 1
71 40 1 63 75 1
49 98 1 66 78 1
72 32 1 20 54 1
50 69 1 34 81 1
84 56 1 94 53 1
74 45 1 75 71 1
2 49 1 1 49 1
8 43 1 63 12 1
64 55 1 23 74 1
20 100 1 30 99 1
88 50 1 91 19 1
56 97 1 74 90 1
15 83 1 11 93 1
20 30 1 8 39 1
6 17 1 34 9 1
21 57 1 1 73 1
77 33 1 9 71 1
26 68 1 82 33 1
96 10 1 95 41 1
30 23 1 18 26 1
22 5 1 23 4 1
43 55 1 21 65 1
48 3 1 59 5 1
59 33 1 93 12 1
90 80 1 82 100 1
29 59 1 49 47 1
38 38 1 21 52 1
37 94 1 23 92 1
85 66 1 81 100 1
49 17 1 39 22 1
37 89 1 24 83 1
11 68 1 17 64 1
12 61 1 27 40 1
3 91 1 26 69 1
85 90 1 86 82 1
56 77 1 55 83 1
17 95 1 57 100 1
44 11 1 86 5 1
80 17 1 37 33 1
55 37 1 40 38 1
94 66 1 97 33 1
16 35 1 35 24 1
2 76 1 29 62 1
55 44 1 39 54 1
60 47 1 63 50 1
47 25 1 79 11 1
62 20 1 70 19 1
23 88 1 46 96 1
18 43 1 16 41 1
87 34 1 89 30 1
97 76 1 98 98 1
51 56 1 49 56 1
79 98 1 78 92 1
7 24 1 21 18 1
67 47 1 66 51 1
30 82 1 41 82 1
80 98 1 84 64 1
60 35 1 80 27 1
53 70 1 59 59 1
79 84 1 84 32 1
46 95 1 36 85 1
87 96 1 93 96 1
84 72 1 83 74 1
56 15 1 56 11 1
8 7 1 6 8 1
19 1 1 15 6 1
33 22 1 8 37 1
80 8 1 69 15 1
67 2 1 63 6 1
26 13 1 31 14 1
14 14 1 16 7 1
53 4 1 41 11 1
20 93 1 22 87 1
59 75 1 63 58 1
75 17 1 81 11 1
10 28 1 26 24 1
3 15 1 6 5 1
99 63 1 99 64 1
92 41 1 93 17 1
34 29 1 47 28 1
14 96 1 4 96 1
79 53 1 80 53 1
18 41 1 37 31 1
70 85 1 62 94 1
42 64 1 56 55 1