29 78 1 71 95 1
70 14 1 7 74 1
61 40 1 78 54 1
44 66 1 91 78 1
76 29 1 81 44 1
77 60 1 27 61 1
83 92 1 78 100 1
35 53 1 90 4 1
64 95 1 12 74 1
53 4 1 43 17 1
15 30 1 7 70 1
3 20 1 8 15 1
35 65 1 97 61 1
19 8 1 47 35 1
38 15 1 49 28 1
2 92 1 3 72 1
56 5 1 50 15 1
30 62 1 36 69 1
36 89 1 63 95 1
25 56 1 33 39 1
55 38 1 58 54 1
7 92 1 12 73 1
1 80 1 5 32 1
91 90 1 93 95 1
96 73 1 94 89 1
90 50 1 91 33 1
99 93 1 95 13 1
50 21 1 61 6 1
33 27 1 8 28 1
100 90 1 99 28 1
80 44 1 73 40 1
87 72 1 90 74 1
24 17 1 13 27 1
38 2 1 25 5 1
49 82 1 40 78 1
90 59 1 84 23 1
64 1 1 60 13 1
7 34 1 4 65 1