50 69 1 34 81 1
40 54 1 56 50 1
54 40 1 69 62 1
69 85 1 45 100 1
87 23 1 82 87 1
54 61 1 87 100 1
42 67 1 25 20 1
22 90 1 3 40 1
61 75 1 74 88 1
44 22 1 33 40 1
97 15 1 67 12 1
73 43 1 27 7 1
70 45 1 59 39 1
74 45 1 75 71 1
2 49 1 1 49 1
14 48 1 11 15 1
20 100 1 30 99 1
43 32 1 50 36 1
84 93 1 96 35 1
26 30 1 25 44 1
88 50 1 91 19 1
19 72 1 14 27 1
86 42 1 90 16 1
48 92 1 13 91 1
18 1 1 76 28 1
56 97 1 74 90 1
15 83 1 11 93 1
39 41 1 44 29 1
83 77 1 97 20 1
43 16 1 79 36 1
22 5 1 23 4 1
14 63 1 11 59 1
10 11 1 29 77 1
88 17 1 80 42 1
96 41 1 93 73 1
48 3 1 59 5 1
23 40 1 30 59 1
15 56 1 14 36 1
37 94 1 23 92 1
8 48 1 7 11 1
37 89 1 24 83 1
36 11 1 66 33 1
26 12 1 8 2 1
28 44 1 33 60 1
61 6 1 78 11 1