69 80 1 8 32 1
11 68 1 17 64 1
2 99 1 85 87 1
22 46 1 30 84 1
77 73 1 93 14 1
49 63 1 10 31 1
22 28 1 69 10 1
86 34 1 34 26 1
51 64 1 62 63 1
1 49 1 6 56 1
17 71 1 6 98 1
17 11 1 13 15 1
26 77 1 21 61 1
60 54 1 37 33 1
76 76 1 92 80 1
6 80 1 9 43 1
36 68 1 38 66 1
37 78 1 96 84 1
24 19 1 15 23 1
64 38 1 72 36 1
72 18 1 84 16 1
20 44 1 23 57 1
84 25 1 94 11 1
74 13 1 54 17 1
32 60 1 28 66 1
44 11 1 86 5 1
14 4 1 52 13 1
34 86 1 37 75 1
49 97 1 21 99 1
81 84 1 60 81 1
63 62 1 83 34 1
32 65 1 31 86 1
93 24 1 98 50 1
71 22 1 40 23 1
51 44 1 66 40 1
94 20 1 96 14 1
27 23 1 16 23 1
96 51 1 88 71 1
16 35 1 35 24 1
38 73 1 33 63 1
31 36 1 50 59 1
72 42 1 79 39 1
33 57 1 49 79 1
32 47 1 24 35 1
60 47 1 63 50 1
9 2 1 48 18 1
84 93 1 99 95 1
91 68 1 97 58 1
82 57 1 92 34 1
69 100 1 88 90 1
62 20 1 70 19 1
18 43 1 16 41 1