65 39 1 64 98 1
78 82 1 96 41 1
91 46 1 47 20 1
2 24 1 48 86 1
3 5 1 29 20 1
5 14 1 54 46 1
49 75 1 13 30 1
70 96 1 99 94 1
100 5 1 85 28 1
87 34 1 89 30 1
13 61 1 38 84 1
41 67 1 55 89 1
36 93 1 6 94 1
58 36 1 56 75 1
79 26 1 88 43 1
51 56 1 49 56 1
68 23 1 41 18 1
67 47 1 66 51 1
15 41 1 1 10 1
73 60 1 78 44 1
66 56 1 67 58 1
4 61 1 22 80 1
36 90 1 4 51 1
47 61 1 39 44 1
70 68 1 69 43 1
72 28 1 58 23 1
26 87 1 26 78 1
73 68 1 78 61 1
37 34 1 44 25 1
1 47 1 8 82 1
90 84 1 84 82 1
30 10 1 33 27 1
40 49 1 7 20 1
61 12 1 82 3 1
24 45 1 22 47 1
99 35 1 71 77 1
11 51 1 6 49 1
45 80 1 54 90 1
5 28 1 59 99 1
72 64 1 74 36 1
7 87 1 26 93 1
2 83 1 4 91 1
46 95 1 36 85 1
70 39 1 72 59 1
87 96 1 93 96 1
84 72 1 83 74 1
96 34 1 93 21 1
94 31 1 88 37 1
56 15 1 56 11 1
55 83 1 63 46 1
85 11 1 75 12 1
19 1 1 15 6 1
48 22 1 47 41 1
80 8 1 69 15 1
91 72 1 82 78 1
96 48 1 97 75 1
67 2 1 63 6 1
88 47 1 74 72 1
47 54 1 50 78 1