28 46 1 52 71 1
73 10 1 82 97 1
35 75 1 20 48 1
18 71 1 22 96 1
22 7 1 52 43 1
86 7 1 87 82 1
63 86 1 63 21 1
72 8 1 71 46 1
73 80 1 66 26 1
19 36 1 25 32 1
16 39 1 52 80 1
29 91 1 40 84 1
86 96 1 97 37 1
18 89 1 10 50 1
31 12 1 43 27 1
10 94 1 10 58 1
34 67 1 44 88 1
11 33 1 22 87 1
75 18 1 85 20 1
48 50 1 17 12 1
11 34 1 1 32 1
49 96 1 41 68 1
95 44 1 89 40 1
57 45 1 45 20 1
58 91 1 79 96 1
93 7 1 93 23 1
81 85 1 83 68 1
56 84 1 55 43 1
78 36 1 85 65 1
80 97 1 86 98 1
22 55 1 33 85 1
2 2 1 25 26 1
59 23 1 30 6 1
39 7 1 75 1 1
17 26 1 27 28 1
32 91 1 23 96 1
43 72 1 53 95 1
24 1 1 36 2 1
98 10 1 90 38 1
74 30 1 73 51 1
10 35 1 1 61 1
65 46 1 65 88 1
20 37 1 45 59 1
14 19 1 5 11 1
41 44 1 37 45 1
86 55 1 85 72 1
51 70 1 14 32 1
87 2 1 88 59 1
92 54 1 90 41 1
100 11 1 100 78 1
16 53 1 15 43 1
56 35 1 43 17 1
35 29 1 27 21 1
53 73 1 53 72 1
43 26 1 46 33 1
5 98 1 28 100 1
43 91 1 43 100 1
65 11 1 71 49 1
53 12 1 62 12 1
56 38 1 61 57 1
88 80 1 87 19 1
53 59 1 52 91 1
63 88 1 65 40 1
62 44 1 63 5 1
52 66 1 24 35 1
60 92 1 79 97 1
59 92 1 61 100 1
42 16 1 62 28 1
80 90 1 76 79 1
92 79 1 92 98 1
64 88 1 53 91 1
99 21 1 94 88 1
82 22 1 86 53 1
45 58 1 48 54 1
4 90 1 4 93 1
94 100 1 68 96 1
6 1 1 4 1 1
43 79 1 43 84 1
50 63 1 49 44 1
99 60 1 97 56 1
66 94 1 68 98 1
29 5 1 36 15 1
9 96 1 10 43 1
18 99 1 28 99 1
12 41 1 14 60 1
79 38 1 79 21 1
35 5 1 12 1 1
3 20 1 8 15 1
2 92 1 3 72 1
56 5 1 50 15 1
30 62 1 36 69 1
96 73 1 94 89 1
4 22 1 29 61 1
100 90 1 99 28 1