58 98 1 14 65 1
74 57 1 77 25 1
46 79 1 68 61 1
80 66 1 58 83 1
80 1 1 51 4 1
52 52 1 9 21 1
93 25 1 36 3 1
50 31 1 23 12 1
87 69 1 81 94 1
87 31 1 89 61 1
56 88 1 84 98 1
27 69 1 61 61 1
48 63 1 14 28 1
73 55 1 67 35 1
75 19 1 55 16 1
61 23 1 52 55 1
94 64 1 74 63 1
45 23 1 39 13 1
8 25 1 12 95 1
54 12 1 50 41 1
76 79 1 81 91 1
43 100 1 30 83 1
8 29 1 8 64 1
16 37 1 11 54 1
66 88 1 93 99 1
54 77 1 56 74 1
26 6 1 50 30 1
36 100 1 12 94 1
29 59 1 6 16 1
11 56 1 17 92 1
58 75 1 67 62 1
46 81 1 63 89 1
44 34 1 8 5 1
91 75 1 84 83 1
77 21 1 100 28 1
98 40 1 96 45 1
89 35 1 96 63 1
63 30 1 63 26 1
96 69 1 92 71 1
95 73 1 97 89 1
79 17 1 74 3 1
4 2 1 21 26 1
1 33 1 7 56 1
70 55 1 54 55 1
77 26 1 76 62 1
87 27 1 80 28 1
55 93 1 39 77 1
99 20 1 74 2 1
33 31 1 36 37 1
15 74 1 20 90 1
68 65 1 70 67 1
41 74 1 59 67 1
35 55 1 17 32 1
21 47 1 25 72 1
99 22 1 90 18 1
52 86 1 73 94 1
70 46 1 54 49 1
30 97 1 15 69 1
46 38 1 31 28 1
59 82 1 67 73 1
86 73 1 86 72 1
84 88 1 89 88 1
87 91 1 92 93 1
11 93 1 7 83 1
100 31 1 93 28 1
69 97 1 69 98 1
32 66 1 35 65 1
67 47 1 46 59 1
87 32 1 83 36 1
49 12 1 42 14 1
1 29 1 6 13 1
33 70 1 57 64 1
66 14 1 73 8 1
71 39 1 59 18 1
46 99 1 37 87 1
3 48 1 4 59 1
15 28 1 44 51 1
88 53 1 78 55 1
31 37 1 38 46 1
2 72 1 9 93 1
24 2 1 49 4 1
25 7 1 10 5 1
8 65 1 7 63 1
99 42 1 100 47 1
16 35 1 14 33 1
71 55 1 66 53 1
26 48 1 40 63 1
48 74 1 53 72 1
37 7 1 40 19 1
100 100 1 75 99 1
71 86 1 67 82 1
83 67 1 83 76 1
31 33 1 52 51 1
28 4 1 13 5 1
18 26 1 7 10 1
86 1 1 97 5 1
42 12 1 40 13 1
23 33 1 11 23 1
8 89 1 11 96 1
53 51 1 49 43 1
77 36 1 77 45 1