23 48 1 40 38 1
74 40 1 23 4 1
91 53 1 43 43 1
12 94 1 53 88 1
16 37 1 11 54 1
68 47 1 9 22 1
27 17 1 54 32 1
16 78 1 76 75 1
76 37 1 75 16 1
66 88 1 93 99 1
71 56 1 94 92 1
49 58 1 28 62 1
3 55 1 21 53 1
47 92 1 58 85 1
2 80 1 58 63 1
30 4 1 62 31 1
52 93 1 18 100 1
96 22 1 93 77 1
49 59 1 7 71 1
27 53 1 4 69 1
58 75 1 67 62 1
4 80 1 54 69 1
84 33 1 88 41 1
44 34 1 8 5 1
19 2 1 62 3 1
22 12 1 43 21 1
17 89 1 72 80 1
22 40 1 29 37 1
18 88 1 7 87 1
68 31 1 78 45 1
15 52 1 29 51 1
98 40 1 96 45 1
34 54 1 24 62 1
15 42 1 28 33 1
62 55 1 45 62 1
27 60 1 47 45 1
76 58 1 89 71 1
3 26 1 20 27 1