82 21 1 21 38 1
69 73 1 69 29 1
85 26 1 68 98 1
29 22 1 67 21 1
24 98 1 4 14 1
62 69 1 42 52 1
98 11 1 34 9 1
65 78 1 55 40 1
76 85 1 84 77 1
38 10 1 83 16 1
96 69 1 92 71 1
49 26 1 41 28 1
3 1 1 40 13 1
99 93 1 65 99 1
45 16 1 3 5 1
11 3 1 77 8 1
95 73 1 97 89 1
8 23 1 38 90 1
67 19 1 87 16 1
39 80 1 61 69 1
1 33 1 7 56 1
41 85 1 52 80 1
5 40 1 16 84 1
89 11 1 95 39 1
66 94 1 46 90 1
56 3 1 83 9 1
13 87 1 2 27 1
77 26 1 76 62 1
43 55 1 37 59 1
37 13 1 52 15 1
35 24 1 59 27 1
66 28 1 85 24 1
39 13 1 49 14 1
15 74 1 20 90 1
87 37 1 93 59 1
89 16 1 75 75 1
41 74 1 59 67 1
29 53 1 40 47 1
2 62 1 8 61 1
55 63 1 49 39 1
64 32 1 67 84 1
80 83 1 99 67 1
12 15 1 11 23 1
91 2 1 73 5 1
64 92 1 59 89 1