4 38 1 83 1 1
97 85 1 45 29 1
27 42 1 31 84 1
79 90 1 49 51 1
98 3 1 14 43 1
55 52 1 77 67 1
93 60 1 81 59 1
95 24 1 83 52 1
59 58 1 38 32 1
22 87 1 10 65 1
67 40 1 55 39 1
7 89 1 48 98 1
6 44 1 57 19 1
85 10 1 94 15 1
37 84 1 95 99 1
66 80 1 32 61 1
86 73 1 86 72 1
13 31 1 8 13 1
84 88 1 89 88 1
71 30 1 85 11 1
46 3 1 4 5 1
24 60 1 22 71 1
87 91 1 92 93 1
42 38 1 29 55 1
85 13 1 79 51 1
69 97 1 69 98 1
50 5 1 21 14 1
49 8 1 15 24 1
65 20 1 73 56 1
78 84 1 94 89 1
32 66 1 35 65 1
87 32 1 83 36 1
5 47 1 18 53 1
45 35 1 54 42 1
3 85 1 73 95 1
70 97 1 44 91 1
67 12 1 57 18 1
71 77 1 58 56 1
97 41 1 93 68 1
47 79 1 31 81 1
82 65 1 100 88 1
1 12 1 31 4 1
16 75 1 26 70 1
49 12 1 42 14 1
55 78 1 41 81 1
1 29 1 6 13 1
66 14 1 73 8 1
9 56 1 8 60 1
41 48 1 81 93 1
81 28 1 76 59 1
97 30 1 84 51 1
3 48 1 4 59 1