48 100 1 27 68 1
12 21 1 42 7 1
52 42 1 28 52 1
100 28 1 91 43 1
86 1 1 97 5 1
77 23 1 43 28 1
100 40 1 78 86 1
26 28 1 5 76 1
50 85 1 36 63 1
24 71 1 22 53 1
13 25 1 62 4 1
27 53 1 29 22 1
78 54 1 74 71 1
63 21 1 80 13 1
54 14 1 82 9 1
53 30 1 58 56 1
74 87 1 96 23 1
1 89 1 10 83 1
41 66 1 42 69 1
32 96 1 47 100 1
91 97 1 50 75 1
27 38 1 23 45 1
51 28 1 55 64 1
81 71 1 89 61 1
18 50 1 54 65 1
59 35 1 70 43 1
48 96 1 44 79 1
28 47 1 31 41 1
94 58 1 100 48 1
63 72 1 45 65 1
42 12 1 40 13 1
73 35 1 88 39 1
47 80 1 36 61 1
8 89 1 11 96 1
77 58 1 67 82 1
73 30 1 98 4 1
67 76 1 54 71 1
35 25 1 60 20 1
59 61 1 76 45 1
57 29 1 72 35 1
22 62 1 27 88 1
87 73 1 99 92 1
25 26 1 2 41 1
62 13 1 56 18 1
83 86 1 88 93 1
63 45 1 65 55 1
82 16 1 62 22 1
24 74 1 25 84 1
39 47 1 31 47 1
80 56 1 87 47 1
19 7 1 2 19 1
80 92 1 62 82 1
28 61 1 30 56 1
5 83 1 10 73 1
44 74 1 46 67 1
37 4 1 48 4 1
36 56 1 42 59 1
29 69 1 44 80 1
65 29 1 75 27 1
61 60 1 69 55 1
83 4 1 66 6 1
46 66 1 60 100 1
84 78 1 89 66 1
80 45 1 72 37 1
3 44 1 19 32 1
59 60 1 59 46 1