10 16 1 60 55 1
79 25 1 49 86 1
89 96 1 78 54 1
36 91 1 45 98 1
44 72 1 46 92 1
18 72 1 45 65 1
57 69 1 8 50 1
52 86 1 55 83 1
32 16 1 53 37 1
40 91 1 43 87 1
47 65 1 30 54 1
40 53 1 31 39 1
11 60 1 24 89 1
63 13 1 30 10 1
74 48 1 84 40 1
70 70 1 78 90 1
86 75 1 85 69 1
79 11 1 100 74 1
15 29 1 21 44 1
52 20 1 63 25 1
99 16 1 99 12 1
43 57 1 2 36 1
20 90 1 8 100 1
14 9 1 39 33 1
70 80 1 57 95 1
48 62 1 37 58 1
90 26 1 89 12 1
75 32 1 64 55 1
99 87 1 90 46 1
12 18 1 51 60 1
94 8 1 35 5 1
54 97 1 59 87 1
72 88 1 64 98 1
53 72 1 48 81 1
94 3 1 56 2 1
78 18 1 48 41 1
13 48 1 8 42 1
93 68 1 85 50 1
6 54 1 2 39 1
30 6 1 45 2 1
16 79 1 1 54 1
25 12 1 6 4 1
68 8 1 46 7 1
64 61 1 65 75 1
72 1 1 63 2 1
69 100 1 36 98 1
89 47 1 80 22 1
6 52 1 12 64 1
97 82 1 87 42 1
8 93 1 16 87 1
43 60 1 21 48 1
61 49 1 65 50 1
96 29 1 99 47 1
34 20 1 24 8 1
95 99 1 38 98 1
7 84 1 14 84 1
97 3 1 71 2 1
97 36 1 91 15 1
1 64 1 7 66 1
84 51 1 97 85 1
64 56 1 63 88 1
50 85 1 51 92 1
33 70 1 27 94 1
28 26 1 4 11 1
10 24 1 3 24 1
75 51 1 70 52 1
10 5 1 53 8 1
71 35 1 62 42 1
45 43 1 14 18 1
78 83 1 74 68 1
45 83 1 30 95 1
67 76 1 78 49 1
27 100 1 59 100 1
23 89 1 3 74 1
51 59 1 44 51 1
60 26 1 57 24 1
44 41 1 21 16 1
96 26 1 96 17 1
29 97 1 32 90 1
41 64 1 22 62 1