60 19 1 17 15 1
24 49 1 53 63 1
7 42 1 97 66 1
40 40 1 81 45 1
11 11 1 89 5 1
16 23 1 53 19 1
97 43 1 65 26 1
57 62 1 81 84 1
90 22 1 15 24 1
89 66 1 98 76 1
93 33 1 91 30 1
10 66 1 12 95 1
34 55 1 34 98 1
2 54 1 10 22 1
97 55 1 98 55 1
3 61 1 2 92 1
51 96 1 52 79 1
48 64 1 65 74 1
12 37 1 43 51 1
82 53 1 51 48 1
29 68 1 23 49 1
99 25 1 99 42 1
14 73 1 29 90 1
41 36 1 37 41 1
25 63 1 15 64 1
93 83 1 71 61 1
15 47 1 24 62 1
34 33 1 35 28 1
70 91 1 66 83 1
81 72 1 91 94 1
3 29 1 11 4 1
79 52 1 17 39 1
53 94 1 53 97 1
34 34 1 70 33 1
44 40 1 78 34 1
20 19 1 13 11 1
97 31 1 100 19 1
16 56 1 8 58 1
28 26 1 66 23 1
74 59 1 63 51 1
30 10 1 36 14 1
45 66 1 68 79 1
98 19 1 54 20 1
4 95 1 10 78 1
9 17 1 13 3 1
94 61 1 89 55 1
22 52 1 32 84 1
63 71 1 52 55 1
38 63 1 49 87 1
7 46 1 4 84 1
1 59 1 4 40 1
79 46 1 42 41 1
2 52 1 3 8 1
4 58 1 3 57 1
55 34 1 61 36 1
96 35 1 100 50 1
57 19 1 25 17 1
56 46 1 88 48 1
78 100 1 52 77 1
12 2 1 7 5 1
3 94 1 4 71 1
78 16 1 100 9 1
89 47 1 52 45 1
84 97 1 75 93 1
29 98 1 29 91 1
35 68 1 49 99 1
14 44 1 14 46 1
65 58 1 58 61 1
14 82 1 16 87 1
60 16 1 97 9 1
34 32 1 11 33 1
98 97 1 69 88 1
40 50 1 12 40 1
98 82 1 97 77 1
35 23 1 65 22 1
81 75 1 89 93 1
46 15 1 28 16 1
83 16 1 99 13 1
96 58 1 86 52 1
45 17 1 61 8 1
6 25 1 12 3 1
43 97 1 39 83 1
85 40 1 73 35 1
13 92 1 25 89 1
54 81 1 57 87 1
36 47 1 36 45 1
84 91 1 58 74 1