64 38 1 72 89 1
93 9 1 49 44 1
75 85 1 91 46 1
16 99 1 42 98 1
1 24 1 14 1 1
8 46 1 48 75 1
73 12 1 68 25 1
46 94 1 25 84 1
45 75 1 36 78 1
92 98 1 5 74 1
52 48 1 22 50 1
80 24 1 70 45 1
9 64 1 15 65 1
36 47 1 52 24 1
24 19 1 1 32 1
31 12 1 13 32 1
61 6 1 41 17 1
13 17 1 8 25 1
23 4 1 29 9 1
96 99 1 94 84 1
3 49 1 35 78 1
49 22 1 37 30 1
3 75 1 10 69 1
97 74 1 82 70 1
86 96 1 87 89 1
97 63 1 100 23 1
63 8 1 28 25 1
17 81 1 9 91 1
44 36 1 61 32 1
51 19 1 15 31 1
9 94 1 18 80 1
13 29 1 6 40 1
13 6 1 19 17 1
59 41 1 62 64 1
94 12 1 91 1 1
14 34 1 11 42 1
81 46 1 67 52 1
68 86 1 27 78 1