14 100 1 95 13 1
96 2 1 91 70 1
63 93 1 39 84 1
31 44 1 33 19 1
30 7 1 9 1 1
10 61 1 25 43 1
48 40 1 5 67 1
68 74 1 32 83 1
23 86 1 43 56 1
6 99 1 21 68 1
38 18 1 67 28 1
4 27 1 1 71 1
80 58 1 79 74 1
77 94 1 60 84 1
3 1 1 76 18 1
67 50 1 80 96 1
7 90 1 16 72 1
80 17 1 59 10 1
3 69 1 32 11 1
60 37 1 66 44 1
13 18 1 23 13 1
56 51 1 48 47 1
4 95 1 7 72 1
8 43 1 11 12 1
90 32 1 89 84 1
45 48 1 9 76 1
71 30 1 77 31 1
24 79 1 18 86 1
67 26 1 68 29 1
16 94 1 48 58 1
83 92 1 89 49 1
78 21 1 53 15 1
44 17 1 78 23 1
1 78 1 3 46 1
2 70 1 10 44 1
65 16 1 62 16 1
77 81 1 78 58 1
62 53 1 84 36 1
99 39 1 100 41 1
43 97 1 81 98 1
99 78 1 97 64 1
1 23 1 1 22 1
68 59 1 40 73 1
85 61 1 91 19 1
4 72 1 18 67 1