30 86 1 53 70 1
91 2 1 11 70 1
62 38 1 65 66 1
63 55 1 52 55 1
19 93 1 80 79 1
85 13 1 93 38 1
27 81 1 52 60 1
32 30 1 10 5 1
12 38 1 7 55 1
81 92 1 56 100 1
54 31 1 4 35 1
89 90 1 90 60 1
48 12 1 65 6 1
76 33 1 68 35 1
56 13 1 86 2 1
81 17 1 95 83 1
93 94 1 57 85 1
62 34 1 85 48 1
40 67 1 57 43 1
34 68 1 6 86 1
77 71 1 49 67 1
7 98 1 35 69 1
20 34 1 1 97 1
42 21 1 25 8 1
1 23 1 26 24 1
64 97 1 35 96 1
81 69 1 79 45 1
62 96 1 72 91 1
62 37 1 54 44 1
37 25 1 19 9 1
31 64 1 13 70 1
100 93 1 80 99 1
70 69 1 61 66 1
99 53 1 97 1 1
75 48 1 66 46 1
38 25 1 55 27 1
78 5 1 72 10 1
94 1 1 96 36 1
27 56 1 25 39 1
62 54 1 55 49 1
30 64 1 29 61 1
69 3 1 18 1 1
95 45 1 84 11 1
88 15 1 89 22 1
90 57 1 87 37 1
22 91 1 89 73 1
16 98 1 26 80 1
99 97 1 84 100 1
51 89 1 71 90 1
4 54 1 1 55 1
17 60 1 23 55 1
29 58 1 57 41 1
36 63 1 27 72 1
5 47 1 7 53 1
79 33 1 72 26 1
37 85 1 39 80 1
66 16 1 85 7 1
98 87 1 92 50 1
17 27 1 6 31 1
70 59 1 72 63 1
19 100 1 37 94 1
37 91 1 19 94 1
59 22 1 46 15 1
23 37 1 25 37 1
7 12 1 20 23 1
82 78 1 64 81 1