93 61 1 40 94 1
40 15 1 66 55 1
56 72 1 94 38 1
58 82 1 12 11 1
21 80 1 21 81 1
7 93 1 10 7 1
26 70 1 26 85 1
22 98 1 89 97 1
25 53 1 50 79 1
93 48 1 94 87 1
29 3 1 44 45 1
61 74 1 67 74 1
15 16 1 45 73 1
25 52 1 21 51 1
11 83 1 15 99 1
85 13 1 64 63 1
83 74 1 88 72 1
42 18 1 66 17 1
97 12 1 93 35 1
53 32 1 70 20 1
87 24 1 93 23 1
81 41 1 71 47 1
15 64 1 13 70 1
5 67 1 4 35 1
46 85 1 27 86 1
46 80 1 10 49 1
13 2 1 9 1 1
77 74 1 65 92 1
77 61 1 91 59 1
38 42 1 23 11 1
54 5 1 74 23 1
8 3 1 40 1 1
71 100 1 52 98 1
55 84 1 41 91 1
32 49 1 10 32 1
56 53 1 46 32 1
77 27 1 61 4 1
51 10 1 44 4 1
65 29 1 71 27 1
66 59 1 86 40 1
57 62 1 39 42 1
99 84 1 96 45 1
8 64 1 8 32 1
90 72 1 90 73 1
85 89 1 82 93 1
94 14 1 100 7 1
71 7 1 71 13 1
20 90 1 24 81 1
11 43 1 15 41 1
55 36 1 68 36 1
47 61 1 42 55 1
61 81 1 68 80 1
5 5 1 6 92 1
45 75 1 33 64 1
50 34 1 50 37 1
12 24 1 26 43 1
94 35 1 99 34 1
5 84 1 2 10 1
16 59 1 9 74 1
25 64 1 42 85 1
100 99 1 83 92 1
63 93 1 51 95 1
71 97 1 72 97 1
44 46 1 39 40 1
79 12 1 76 11 1
13 89 1 18 83 1
36 8 1 53 38 1
67 65 1 81 63 1
91 49 1 90 42 1
85 9 1 73 38 1
29 28 1 45 53 1
47 9 1 42 4 1
18 10 1 34 40 1
26 62 1 32 64 1
33 18 1 25 4 1
94 72 1 99 87 1
98 35 1 80 40 1
3 57 1 2 45 1
62 38 1 74 39 1
86 88 1 68 96 1