77 58 1 67 82 1
73 30 1 98 4 1
32 90 1 78 82 1
3 94 1 90 79 1
16 27 1 51 37 1
78 55 1 68 66 1
67 76 1 54 71 1
34 10 1 53 17 1
91 36 1 97 56 1
35 25 1 60 20 1
92 69 1 66 28 1
59 61 1 76 45 1
83 91 1 52 100 1
76 18 1 41 9 1
13 41 1 36 57 1
8 71 1 10 20 1
22 62 1 27 88 1
74 12 1 6 1 1
37 73 1 47 55 1
40 41 1 57 42 1
87 73 1 99 92 1
60 54 1 16 38 1
95 26 1 98 52 1
46 50 1 61 55 1
8 49 1 2 96 1
83 86 1 88 93 1
63 45 1 65 55 1
17 98 1 59 88 1
19 73 1 10 45 1
82 88 1 91 100 1
24 74 1 25 84 1
53 37 1 73 21 1
93 52 1 82 23 1
39 47 1 31 47 1
44 73 1 63 53 1
24 21 1 13 14 1
28 87 1 74 53 1
19 7 1 2 19 1
35 40 1 11 37 1
25 73 1 44 51 1
28 61 1 30 56 1
5 83 1 10 73 1
37 4 1 48 4 1
22 53 1 25 77 1
61 60 1 69 55 1
83 4 1 66 6 1
16 90 1 6 85 1
84 78 1 89 66 1
10 24 1 41 34 1
61 15 1 56 15 1
80 45 1 72 37 1
79 88 1 64 92 1
37 85 1 59 82 1
98 13 1 100 18 1
15 85 1 10 70 1
27 75 1 42 61 1
56 37 1 95 1 1
84 38 1 96 61 1
51 35 1 71 19 1
18 51 1 20 74 1
40 89 1 20 92 1
30 7 1 35 16 1
12 53 1 7 76 1
50 24 1 57 28 1
89 29 1 86 17 1
39 74 1 53 58 1
25 28 1 38 28 1
64 43 1 48 43 1
62 46 1 25 41 1
98 80 1 76 27 1
78 12 1 44 1 1
84 54 1 78 45 1
72 38 1 26 36 1
42 97 1 39 93 1
91 82 1 19 95 1
77 99 1 82 99 1
82 75 1 76 78 1
34 27 1 17 18 1
100 60 1 96 73 1
85 64 1 80 74 1
19 41 1 39 54 1
1 48 1 1 43 1
16 20 1 4 18 1
1 4 1 1 17 1
56 77 1 35 84 1
1 89 1 2 28 1
24 64 1 30 55 1