15 96 1 63 3 1
32 79 1 77 64 1
61 50 1 32 77 1
79 22 1 91 33 1
52 32 1 99 84 1
14 68 1 10 49 1
11 86 1 21 44 1
89 2 1 62 7 1
67 10 1 85 36 1
53 10 1 9 9 1
26 88 1 71 91 1
35 1 1 45 8 1
1 36 1 15 10 1
95 50 1 99 52 1
42 26 1 4 51 1
59 86 1 92 83 1
46 20 1 26 29 1
95 22 1 79 18 1
35 69 1 29 77 1
99 53 1 77 41 1
62 82 1 82 83 1
45 46 1 53 47 1
83 90 1 50 85 1
5 50 1 1 46 1
27 13 1 33 12 1
34 92 1 21 94 1
39 86 1 73 76 1
15 13 1 19 18 1
62 39 1 82 48 1
68 66 1 52 65 1
61 7 1 74 36 1
18 10 1 38 22 1
17 28 1 25 30 1
96 79 1 91 61 1
69 97 1 95 90 1
18 17 1 2 37 1
85 20 1 88 28 1
26 74 1 61 1 1
43 31 1 49 13 1
64 51 1 47 64 1
88 65 1 73 52 1
37 96 1 85 92 1
70 12 1 96 5 1
3 21 1 11 16 1
53 62 1 27 83 1
14 2 1 42 7 1
74 87 1 90 85 1
15 26 1 12 36 1
36 81 1 72 68 1
22 70 1 46 32 1
2 52 1 7 98 1
88 26 1 93 31 1