54 41 1 78 87 1
74 71 1 45 25 1
60 2 1 38 27 1
9 48 1 52 80 1
70 86 1 24 17 1
53 20 1 51 34 1
23 13 1 38 8 1
63 90 1 25 65 1
66 54 1 56 34 1
81 6 1 92 45 1
78 74 1 96 83 1
13 2 1 64 87 1
16 91 1 15 63 1
70 4 1 89 6 1
42 83 1 46 88 1
42 57 1 22 46 1
62 34 1 81 57 1
70 55 1 99 68 1
65 34 1 68 11 1
83 16 1 88 38 1
46 65 1 34 40 1
23 74 1 24 95 1
87 43 1 95 66 1
63 42 1 77 76 1
6 20 1 23 31 1
44 72 1 4 25 1
3 100 1 100 94 1
93 90 1 61 88 1
29 22 1 47 16 1
77 31 1 89 61 1
7 73 1 12 56 1
16 45 1 20 47 1
94 42 1 99 23 1
58 95 1 11 53 1
41 37 1 59 59 1
51 64 1 23 17 1
94 91 1 71 90 1
43 22 1 61 62 1
84 17 1 90 39 1
1 69 1 20 98 1
57 87 1 54 91 1
83 94 1 93 94 1
12 7 1 14 12 1
15 23 1 12 17 1
43 43 1 15 3 1
81 69 1 79 65 1
62 31 1 66 14 1
94 48 1 92 10 1
5 86 1 2 98 1
62 83 1 74 88 1
79 63 1 83 62 1
62 63 1 64 61 1
92 50 1 97 49 1
19 16 1 22 28 1
37 100 1 54 98 1
51 6 1 25 9 1
26 78 1 26 78 1
70 11 1 72 29 1
2 61 1 4 72 1