1 47 1 14 36 1
32 36 1 88 96 1
47 93 1 19 3 1
85 3 1 79 55 1
19 48 1 14 31 1
94 81 1 56 47 1
56 28 1 83 70 1
55 83 1 65 89 1
47 14 1 39 25 1
24 100 1 9 65 1
97 97 1 67 59 1
27 32 1 19 9 1
100 86 1 91 56 1
10 34 1 9 40 1
51 37 1 30 28 1
82 48 1 92 54 1
33 81 1 13 23 1
98 70 1 87 22 1
74 45 1 72 45 1
88 86 1 30 34 1
70 87 1 62 100 1
63 95 1 41 63 1
40 2 1 79 2 1
63 35 1 79 56 1
34 97 1 23 79 1
13 62 1 22 62 1
15 100 1 5 73 1
35 29 1 68 3 1
39 39 1 32 35 1
24 43 1 42 81 1
30 14 1 36 17 1
98 10 1 94 20 1
35 90 1 37 99 1
72 38 1 71 14 1
4 50 1 31 96 1
40 50 1 56 80 1
72 55 1 50 19 1
12 42 1 19 61 1
36 2 1 55 7 1
13 85 1 14 96 1
21 28 1 26 46 1
59 16 1 82 11 1
61 93 1 54 93 1
43 53 1 53 62 1
52 53 1 78 75 1
33 94 1 20 54 1
62 42 1 33 32 1
59 67 1 57 67 1
82 56 1 97 85 1
28 46 1 25 40 1
80 52 1 84 65 1
51 11 1 48 9 1
25 25 1 40 75 1
30 15 1 22 9 1
2 47 1 13 54 1
32 44 1 51 91 1
87 97 1 58 74 1
20 24 1 29 39 1
11 16 1 20 8 1
87 49 1 87 45 1
89 98 1 55 61 1
12 1 1 9 15 1
6 27 1 10 4 1
47 54 1 45 51 1
71 86 1 72 88 1
58 69 1 75 85 1