32 23 1 4 48 1
86 91 1 91 51 1
83 45 1 26 83 1
98 3 1 99 57 1
69 97 1 11 87 1
86 52 1 93 27 1
26 46 1 39 22 1
89 16 1 29 16 1
51 20 1 17 57 1
46 13 1 3 3 1
58 25 1 72 51 1
32 74 1 25 83 1
84 81 1 84 73 1
51 78 1 81 62 1
95 28 1 95 85 1
27 81 1 66 46 1
7 16 1 81 16 1
78 21 1 80 43 1
44 87 1 78 81 1
96 30 1 99 86 1
6 66 1 56 49 1
53 72 1 71 66 1
5 64 1 13 48 1
97 1 1 98 7 1
37 19 1 12 60 1
81 7 1 34 2 1
32 8 1 13 4 1
82 99 1 95 88 1
58 1 1 13 1 1
48 45 1 27 58 1
89 32 1 91 24 1
36 91 1 76 86 1
17 99 1 82 98 1
22 86 1 23 69 1
77 64 1 30 86 1
14 59 1 32 33 1
89 42 1 89 45 1
48 30 1 58 35 1
30 66 1 8 75 1
67 66 1 82 55 1
90 34 1 78 47 1
64 17 1 89 20 1
20 3 1 58 9 1
79 50 1 77 51 1
73 55 1 62 61 1
99 99 1 100 78 1
59 78 1 78 73 1
1 35 1 9 19 1
33 59 1 37 62 1
25 53 1 40 32 1
18 30 1 8 17 1
51 90 1 61 95 1
32 97 1 58 98 1
32 62 1 26 65 1
44 42 1 40 45 1
14 53 1 13 45 1
84 67 1 74 80 1
70 34 1 70 37 1
68 37 1 60 19 1
3 72 1 42 54 1
50 9 1 48 13 1
50 54 1 48 53 1
43 29 1 44 33 1
80 14 1 96 11 1
15 70 1 23 64 1
1 79 1 17 85 1
93 15 1 96 20 1
87 42 1 83 54 1
67 9 1 78 7 1
42 11 1 24 4 1
24 80 1 44 60 1
58 77 1 27 89 1
58 65 1 56 70 1