77 53 1 95 78 1
87 97 1 68 29 1
98 15 1 100 78 1
17 95 1 51 12 1
60 96 1 58 52 1
22 98 1 46 82 1
84 92 1 72 94 1
77 23 1 50 7 1
47 8 1 13 84 1
45 74 1 61 20 1
11 51 1 33 27 1
82 33 1 98 44 1
4 53 1 10 21 1
33 61 1 41 74 1
26 35 1 4 80 1
28 33 1 10 76 1
70 32 1 79 27 1
49 27 1 56 15 1
75 88 1 69 57 1
10 1 1 86 2 1
89 38 1 96 55 1
47 93 1 54 54 1
33 60 1 37 56 1
13 36 1 35 14 1
65 78 1 70 91 1
69 6 1 88 15 1
29 11 1 8 13 1
81 19 1 88 34 1
80 97 1 76 100 1
45 76 1 40 43 1
12 100 1 2 100 1
30 79 1 40 78 1
74 28 1 64 24 1
96 13 1 92 15 1
61 53 1 64 84 1
53 73 1 53 85 1
26 47 1 24 43 1
50 79 1 57 62 1
93 76 1 87 91 1
48 77 1 44 92 1
78 69 1 62 25 1
38 8 1 3 8 1
47 6 1 15 39 1
40 93 1 27 99 1
1 32 1 8 27 1
56 81 1 57 99 1
15 15 1 5 53 1
80 32 1 76 10 1
7 94 1 27 68 1
31 16 1 27 15 1
8 90 1 8 78 1
20 3 1 91 6 1
98 51 1 95 96 1
40 66 1 40 55 1
51 57 1 46 100 1
40 55 1 40 71 1
64 64 1 61 47 1
58 9 1 73 15 1
2 93 1 17 54 1
28 50 1 18 67 1
65 85 1 75 100 1
78 35 1 83 46 1
14 21 1 18 30 1
19 28 1 21 19 1
68 81 1 60 42 1
51 44 1 48 38 1
20 88 1 28 92 1
85 65 1 86 70 1
40 34 1 45 26 1
29 70 1 29 91 1
1 74 1 17 37 1
10 61 1 6 71 1
28 56 1 27 69 1
55 89 1 47 94 1
52 48 1 56 36 1
72 42 1 80 50 1
35 29 1 13 74 1
62 47 1 65 44 1
93 39 1 79 14 1
60 30 1 53 61 1