67 21 1 49 66 1
5 81 1 12 89 1
32 24 1 75 9 1
57 43 1 6 48 1
31 64 1 13 70 1
96 39 1 58 90 1
100 52 1 69 79 1
71 24 1 64 66 1
50 20 1 33 24 1
100 93 1 80 99 1
70 69 1 61 66 1
55 89 1 51 65 1
82 54 1 71 33 1
33 36 1 5 21 1
58 91 1 38 81 1
27 59 1 22 55 1
38 25 1 55 27 1
78 5 1 72 10 1
47 61 1 43 74 1
7 58 1 16 85 1
22 63 1 6 57 1
9 94 1 33 80 1
12 5 1 34 14 1
94 1 1 96 36 1
11 22 1 43 39 1
6 13 1 19 11 1
47 48 1 10 93 1
30 64 1 29 61 1
24 94 1 76 91 1
69 3 1 18 1 1
88 15 1 89 22 1
90 64 1 65 88 1
91 21 1 76 36 1
73 17 1 56 57 1
99 97 1 84 100 1
59 10 1 40 10 1
52 3 1 86 4 1
4 54 1 1 55 1
55 41 1 17 16 1
53 54 1 24 77 1
41 77 1 27 76 1
59 91 1 83 82 1
28 9 1 62 12 1
1 96 1 95 94 1
5 47 1 7 53 1
66 16 1 85 7 1
44 40 1 5 36 1
69 20 1 59 49 1
43 5 1 65 7 1
69 49 1 74 43 1
31 45 1 3 39 1
70 59 1 72 63 1
37 91 1 19 94 1
3 72 1 6 92 1
23 37 1 25 37 1
93 6 1 79 10 1
88 8 1 94 17 1
58 57 1 67 37 1
52 82 1 42 75 1
61 29 1 64 25 1
99 80 1 65 90 1
85 47 1 82 53 1
84 67 1 66 86 1
13 36 1 6 35 1
98 80 1 92 59 1
78 60 1 57 84 1
23 20 1 27 26 1
55 59 1 67 23 1
78 59 1 74 40 1
50 81 1 35 74 1
61 22 1 47 34 1
84 65 1 68 77 1
53 63 1 62 36 1
31 89 1 46 89 1
1 16 1 2 51 1
98 23 1 100 1 1
55 15 1 35 21 1
51 95 1 65 100 1
5 59 1 6 51 1
69 76 1 79 62 1
8 64 1 9 78 1
36 52 1 27 51 1
67 45 1 54 68 1
90 39 1 85 45 1
86 96 1 82 97 1
31 96 1 11 96 1
79 30 1 78 16 1