3 56 1 33 7 1
65 73 1 11 55 1
59 77 1 31 83 1
56 85 1 97 45 1
96 5 1 85 36 1
93 77 1 54 94 1
58 17 1 29 40 1
24 58 1 89 18 1
44 19 1 94 6 1
26 65 1 15 71 1
12 73 1 56 97 1
21 4 1 20 7 1
4 36 1 12 39 1
98 65 1 90 55 1
53 57 1 80 31 1
76 8 1 38 10 1
64 40 1 39 52 1
10 65 1 31 64 1
29 38 1 41 20 1
43 31 1 78 18 1
56 55 1 100 35 1
27 70 1 19 75 1
10 92 1 29 96 1
69 38 1 89 19 1
7 6 1 4 12 1
99 89 1 86 95 1
10 71 1 3 83 1
74 98 1 30 96 1
2 35 1 2 14 1
99 48 1 100 41 1
87 73 1 87 64 1
9 20 1 19 13 1
82 20 1 30 42 1
92 16 1 21 51 1
95 43 1 56 69 1
32 81 1 46 72 1
2 87 1 7 96 1
98 94 1 89 95 1
36 1 1 8 14 1
39 2 1 24 39 1
33 66 1 35 65 1
58 94 1 75 87 1
70 87 1 86 77 1
20 26 1 3 20 1
94 39 1 96 43 1
80 71 1 93 50 1
87 90 1 90 93 1
19 91 1 41 94 1
27 37 1 40 16 1
4 90 1 23 92 1
34 99 1 89 99 1
93 15 1 98 25 1
72 17 1 87 10 1
2 82 1 7 58 1
21 85 1 14 86 1
92 97 1 96 100 1
32 11 1 25 36 1
53 88 1 85 77 1
83 68 1 88 62 1
40 2 1 50 5 1
88 36 1 77 37 1
54 96 1 29 85 1
100 63 1 97 87 1
45 33 1 92 14 1
51 4 1 61 5 1
53 55 1 39 60 1
62 80 1 78 69 1
17 47 1 55 33 1
73 24 1 15 54 1
26 64 1 8 64 1
80 39 1 77 43 1
44 71 1 39 73 1
77 9 1 98 1 1
37 14 1 62 10 1
28 93 1 41 96 1
5 18 1 14 23 1
19 87 1 10 89 1
14 76 1 21 80 1
86 52 1 70 61 1
5 54 1 5 55 1
81 74 1 81 72 1
54 30 1 43 34 1
80 91 1 97 78 1
58 52 1 72 34 1
73 17 1 64 18 1
33 84 1 53 83 1
24 27 1 25 25 1
87 77 1 95 63 1
37 63 1 47 59 1
74 94 1 83 94 1
53 61 1 70 51 1
65 50 1 91 39 1
34 1 1 10 12 1
43 45 1 27 55 1
48 5 1 42 9 1
27 26 1 12 46 1
52 66 1 47 62 1
89 89 1 95 80 1
60 2 1 50 1 1
63 37 1 37 52 1
54 16 1 82 8 1