12 65 1 22 96 1
87 15 1 75 47 1
55 52 1 13 33 1
47 47 1 88 66 1
77 2 1 22 13 1
98 83 1 7 31 1
20 34 1 34 30 1
57 81 1 18 71 1
44 29 1 96 10 1
45 12 1 89 9 1
7 3 1 33 26 1
59 46 1 95 65 1
34 70 1 32 49 1
35 43 1 68 61 1
96 90 1 38 60 1
26 77 1 40 80 1
87 90 1 90 93 1
25 43 1 22 60 1
46 93 1 44 90 1
87 86 1 72 84 1
22 93 1 49 83 1
72 47 1 58 28 1
5 30 1 14 21 1
55 18 1 62 17 1
60 59 1 93 69 1
53 25 1 40 10 1
66 67 1 73 69 1
34 99 1 89 99 1
6 80 1 11 39 1
40 33 1 66 21 1
93 15 1 98 25 1
72 17 1 87 10 1
80 22 1 81 18 1
2 82 1 7 58 1
92 97 1 96 100 1
76 93 1 67 82 1
32 70 1 57 77 1
86 15 1 74 32 1
39 38 1 29 40 1
40 2 1 50 5 1
81 84 1 64 79 1
37 43 1 55 37 1
82 65 1 71 59 1
51 4 1 61 5 1
29 98 1 45 94 1