3 33 1 66 51 1
68 30 1 85 71 1
17 39 1 41 53 1
27 81 1 4 35 1
62 80 1 78 69 1
66 8 1 51 23 1
95 25 1 80 4 1
97 80 1 78 17 1
58 41 1 63 22 1
47 38 1 31 37 1
20 37 1 50 9 1
100 91 1 69 82 1
39 65 1 57 82 1
8 96 1 49 91 1
69 45 1 62 32 1
75 5 1 26 10 1
67 51 1 49 45 1
79 96 1 4 98 1
25 22 1 30 25 1
90 33 1 98 85 1
40 74 1 31 84 1
31 64 1 39 59 1
60 80 1 30 47 1
84 99 1 78 98 1
80 39 1 77 43 1
44 71 1 39 73 1
15 24 1 26 4 1
64 100 1 40 98 1
13 40 1 28 61 1
11 88 1 5 97 1
56 85 1 78 63 1
3 41 1 30 89 1
38 85 1 96 99 1
61 29 1 50 27 1
25 75 1 28 63 1
87 79 1 82 46 1
4 56 1 5 49 1
51 53 1 60 61 1
5 18 1 14 23 1
79 31 1 94 88 1
59 24 1 44 23 1
68 9 1 79 53 1
18 87 1 12 64 1
32 91 1 38 77 1
57 45 1 76 55 1
35 87 1 40 77 1
85 72 1 80 79 1
98 22 1 99 42 1
87 17 1 73 2 1
5 54 1 5 55 1
81 74 1 81 72 1
100 64 1 88 20 1