19 64 1 24 5 1
37 1 1 23 100 1
9 6 1 9 73 1
54 30 1 43 34 1
33 72 1 91 28 1
38 93 1 86 64 1
72 26 1 96 1 1
77 96 1 57 100 1
89 98 1 89 71 1
87 16 1 35 68 1
18 95 1 25 27 1
39 1 1 71 21 1
76 55 1 57 75 1
93 66 1 42 97 1
58 52 1 72 34 1
60 94 1 32 100 1
46 46 1 43 54 1
100 6 1 43 61 1
36 79 1 90 30 1
70 62 1 93 43 1
76 70 1 93 56 1
92 52 1 94 40 1
81 59 1 32 93 1
47 5 1 74 14 1
99 17 1 91 18 1
24 27 1 25 25 1
66 32 1 36 39 1
26 82 1 32 39 1
74 94 1 83 94 1
18 47 1 15 64 1
5 92 1 1 49 1
50 72 1 69 50 1
40 62 1 41 49 1
43 28 1 56 26 1
99 18 1 93 18 1
77 29 1 99 10 1
49 71 1 62 56 1
14 85 1 19 76 1
59 27 1 63 32 1
73 22 1 39 11 1
86 75 1 83 80 1
60 2 1 50 1 1
38 15 1 51 19 1
88 88 1 60 94 1
53 59 1 40 69 1
58 56 1 28 86 1
14 87 1 11 48 1
32 61 1 45 40 1
99 78 1 100 67 1
78 15 1 66 33 1
5 71 1 10 77 1
11 47 1 12 40 1
99 34 1 59 68 1
12 26 1 17 7 1
17 25 1 21 27 1
93 59 1 85 64 1
40 20 1 57 23 1
26 65 1 19 90 1
18 54 1 16 69 1