37 72 1 96 100 1
73 17 1 2 39 1
92 33 1 91 16 1
52 34 1 71 48 1
42 61 1 22 34 1
73 70 1 45 68 1
34 52 1 41 68 1
72 53 1 45 31 1
66 6 1 16 26 1
60 64 1 92 65 1
11 25 1 16 28 1
18 94 1 38 75 1
78 9 1 87 42 1
36 30 1 65 54 1
27 93 1 44 84 1
48 74 1 67 76 1
15 58 1 92 98 1
60 95 1 71 92 1
100 4 1 28 8 1
14 99 1 22 75 1
59 54 1 58 58 1
13 70 1 6 42 1
64 100 1 64 100 1
67 87 1 42 78 1
48 61 1 76 63 1
14 23 1 32 11 1
72 83 1 98 69 1
7 15 1 14 3 1
10 61 1 4 54 1
45 79 1 40 74 1
74 73 1 62 72 1
76 15 1 81 46 1
40 8 1 22 21 1
93 78 1 94 93 1
70 75 1 60 79 1
9 62 1 4 95 1
88 50 1 89 62 1
56 60 1 57 55 1
60 17 1 20 31 1
55 36 1 78 49 1
68 33 1 60 28 1
53 98 1 86 99 1
68 30 1 65 23 1
28 57 1 8 38 1
15 27 1 9 19 1
22 2 1 4 23 1
27 36 1 37 29 1
76 51 1 76 62 1
63 51 1 42 28 1
78 92 1 58 88 1
36 62 1 35 63 1
84 2 1 40 7 1
91 71 1 78 69 1
68 60 1 71 57 1
8 23 1 2 30 1
56 79 1 93 93 1
40 42 1 40 56 1
24 75 1 33 70 1
26 42 1 35 64 1
10 93 1 8 93 1
88 27 1 90 64 1
60 67 1 52 67 1
24 57 1 12 57 1
96 52 1 95 58 1
69 67 1 64 68 1
13 30 1 9 29 1