45 14 1 8 8 1
75 79 1 80 17 1
15 30 1 15 67 1
62 60 1 77 27 1
70 80 1 94 77 1
97 77 1 90 16 1
70 58 1 77 37 1
60 90 1 20 94 1
27 30 1 41 45 1
22 54 1 69 64 1
70 21 1 40 10 1
65 65 1 11 98 1
11 16 1 12 86 1
96 10 1 66 6 1
74 81 1 71 89 1
70 96 1 33 99 1
44 14 1 60 38 1
77 20 1 76 26 1
90 42 1 90 56 1
70 65 1 74 59 1
82 5 1 54 3 1
87 68 1 87 40 1
47 34 1 62 39 1
73 75 1 73 74 1
81 44 1 77 71 1
4 78 1 8 38 1
39 71 1 24 62 1
23 92 1 31 86 1
72 27 1 47 16 1
100 10 1 76 12 1
33 49 1 18 54 1
34 100 1 86 97 1
41 80 1 46 84 1
22 21 1 14 15 1
52 67 1 7 91 1
10 64 1 1 91 1
98 74 1 94 92 1
23 60 1 51 64 1
19 10 1 32 13 1
38 36 1 20 13 1
52 36 1 51 47 1
83 80 1 95 87 1
55 6 1 10 3 1
17 60 1 17 30 1
56 36 1 27 19 1
2 40 1 11 23 1
18 27 1 58 60 1
1 19 1 9 21 1
39 80 1 43 78 1
16 68 1 16 38 1
42 34 1 31 23 1
30 79 1 37 79 1
76 3 1 64 1 1
86 58 1 86 51 1
10 41 1 11 67 1
36 15 1 14 9 1
15 24 1 14 36 1
24 51 1 29 41 1
98 86 1 98 94 1
70 94 1 80 97 1
54 75 1 66 89 1
76 9 1 58 8 1
95 25 1 100 87 1
89 97 1 63 92 1
59 9 1 92 16 1
77 80 1 74 88 1
67 27 1 75 31 1
31 53 1 39 53 1
70 4 1 48 1 1
76 65 1 71 65 1
86 44 1 78 73 1
78 64 1 78 42 1
84 51 1 90 24 1
69 38 1 61 25 1
99 5 1 100 1 1
51 21 1 67 25 1
10 40 1 8 64 1
74 10 1 29 6 1
45 54 1 39 47 1
4 49 1 9 28 1