55 42 1 48 60 1
3 73 1 42 80 1
47 93 1 54 54 1
72 35 1 76 65 1
33 60 1 37 56 1
1 20 1 44 40 1
75 100 1 78 16 1
65 13 1 62 87 1
32 23 1 55 6 1
96 41 1 80 94 1
27 25 1 50 23 1
36 66 1 38 69 1
65 78 1 70 91 1
28 54 1 37 49 1
81 54 1 79 71 1
18 64 1 3 40 1
69 6 1 88 15 1
46 54 1 33 39 1
29 11 1 8 13 1
22 77 1 10 81 1
81 19 1 88 34 1
80 97 1 76 100 1
26 58 1 8 38 1
71 71 1 71 62 1
52 22 1 57 13 1
12 100 1 2 100 1
27 70 1 36 62 1
91 29 1 81 78 1
96 13 1 92 15 1
85 57 1 76 89 1
36 14 1 24 22 1
50 96 1 21 81 1
14 74 1 25 64 1
53 73 1 53 85 1
26 47 1 24 43 1
98 9 1 100 99 1
50 79 1 57 62 1
55 21 1 61 9 1
93 76 1 87 91 1
58 57 1 59 39 1
27 33 1 41 46 1
48 77 1 44 92 1
38 8 1 3 8 1
40 93 1 27 99 1
36 25 1 48 37 1
1 32 1 8 27 1
56 81 1 57 99 1
46 16 1 56 27 1
63 37 1 60 89 1
13 26 1 25 32 1
31 16 1 27 15 1
8 90 1 8 78 1
88 65 1 84 71 1
98 27 1 92 92 1
7 73 1 10 68 1
30 27 1 47 41 1
41 16 1 52 3 1
29 16 1 1 16 1
73 84 1 68 12 1
37 53 1 16 70 1
17 23 1 26 31 1
98 51 1 95 96 1
26 34 1 14 31 1
87 42 1 81 64 1
40 66 1 40 55 1
40 55 1 40 71 1
14 30 1 4 35 1
78 35 1 83 46 1
93 16 1 89 44 1
69 68 1 67 13 1
51 44 1 48 38 1
20 88 1 28 92 1
11 1 1 84 4 1
10 61 1 6 71 1
69 7 1 74 61 1
55 89 1 47 94 1
49 70 1 41 57 1
52 48 1 56 36 1
59 64 1 55 50 1
88 2 1 46 2 1
48 4 1 14 6 1
64 65 1 73 94 1
64 94 1 72 91 1
16 76 1 3 76 1
65 10 1 64 14 1
95 52 1 93 54 1
26 18 1 23 20 1
88 42 1 89 20 1
51 91 1 52 76 1
58 56 1 57 33 1
20 99 1 13 93 1
19 39 1 28 50 1
64 63 1 67 42 1
64 29 1 51 34 1