11 97 1 11 98 1
78 82 1 77 82 1
9 40 1 10 40 1
81 44 1 80 44 1
19 27 1 19 28 1
14 87 1 14 86 1
55 15 1 54 15 1
63 36 1 63 35 1
41 8 1 41 9 1
13 19 1 13 20 1
42 5 1 41 5 1
95 50 1 96 50 1
34 91 1 35 91 1
12 79 1 13 79 1
25 41 1 25 42 1
14 95 1 13 95 1
58 6 1 58 7 1
36 83 1 36 84 1
5 17 1 5 16 1
74 65 1 75 65 1
55 30 1 55 29 1
19 69 1 19 70 1
37 63 1 36 63 1
9 93 1 8 93 1
49 44 1 50 44 1
31 51 1 31 50 1
82 80 1 82 79 1
38 82 1 38 81 1
36 94 1 35 94 1
56 63 1 56 62 1
21 31 1 22 31 1
24 85 1 24 86 1
23 18 1 23 19 1
44 32 1 43 32 1
44 19 1 43 19 1
98 44 1 98 45 1
26 41 1 26 40 1
27 61 1 27 60 1
23 12 1 24 12 1
32 43 1 32 42 1
9 27 1 8 27 1
3 93 1 3 92 1
49 58 1 49 59 1
46 97 1 46 96 1
53 24 1 54 24 1
63 68 1 64 68 1
37 99 1 37 100 1
89 92 1 88 92 1
10 27 1 11 27 1
68 14 1 68 13 1