3.876196e+02 1.639510e+01 1 1.166853e+02 1.548287e+02 1
3.935524e+02 4.803706e+01 1 1.305287e+02 1.894371e+02 1
4.054182e+02 7.473497e+01 1 1.364615e+02 2.141573e+02 1
4.123399e+02 9.846643e+01 1 1.493161e+02 2.378888e+02 1
4.251944e+02 1.172538e+02 1 1.582154e+02 2.596427e+02 1
4.350825e+02 1.449406e+02 1 1.690923e+02 2.902958e+02 1
4.469483e+02 1.716385e+02 1 1.779916e+02 3.160049e+02 1
4.528811e+02 1.933923e+02 1 1.898573e+02 3.446804e+02 1
4.607916e+02 2.230566e+02 1 1.977678e+02 3.634678e+02 1
4.726573e+02 2.487657e+02 1 2.046895e+02 3.911545e+02 1
4.845231e+02 2.744748e+02 1 2.145776e+02 4.129084e+02 1
4.894671e+02 3.011727e+02 1 2.244657e+02 4.445503e+02 1
5.013329e+02 3.268818e+02 1 2.373203e+02 4.722371e+02 1
5.131986e+02 3.506133e+02 1 2.442420e+02 4.920133e+02 1
5.250643e+02 3.743448e+02 1 2.561077e+02 5.127783e+02 1
5.369301e+02 4.000538e+02 1 2.669846e+02 5.374986e+02 1
5.468182e+02 4.208189e+02 1 2.739063e+02 5.641965e+02 1
5.586839e+02 4.425727e+02 1 2.847832e+02 5.869392e+02 1
5.656056e+02 4.633378e+02 1 2.986266e+02 6.126483e+02 1
5.735161e+02 4.811364e+02 1 3.035706e+02 6.324245e+02 1
5.853818e+02 5.058566e+02 1 3.124699e+02 6.522007e+02 1
5.932923e+02 5.285993e+02 1 3.213692e+02 6.739545e+02 1
6.081245e+02 5.493643e+02 1 3.282909e+02 6.986748e+02 1
6.219678e+02 5.721070e+02 1 3.401566e+02 7.243839e+02 1
6.288895e+02 5.918832e+02 1 3.520224e+02 7.421825e+02 1
6.397664e+02 6.166035e+02 1 3.549888e+02 7.609699e+02 1
6.496545e+02 6.344021e+02 1 3.638881e+02 7.827238e+02 1
6.575650e+02 6.591224e+02 1 3.717986e+02 8.044776e+02 1
6.674531e+02 6.798874e+02 1 3.846531e+02 8.262315e+02 1
6.773413e+02 7.055965e+02 1 3.994853e+02 8.558958e+02 1
5.161650e+02 8.380972e+02 1 4.143175e+02 8.905042e+02 1
1.285510e+02 2.675531e+02 1 2.303986e+02 5.098119e+02 1
1.077860e+02 2.744748e+02 1 2.027119e+02 5.187112e+02 1
8.108811e+01 2.902958e+02 1 1.829357e+02 5.345322e+02 1
5.933427e+01 3.021615e+02 1 1.572266e+02 5.483755e+02 1
3.263636e+01 3.120497e+02 1 1.265734e+02 5.592524e+02 1